539.159159
509.916948
507.496322
501.082427
487.502328
471.977795
455.715590
434.708272
409.277251
379.385128
343.182601
303.247508
263.377341
227.718903
198.082162
173.431401
152.701512
135.362437
120.939989
108.906581
98.776635
90.160357
82.757151
76.334005
70.712507
65.757639
61.368134
57.466075
53.983024
50.858602
48.042606
45.491949
43.168640
41.039584
39.076561
37.256191
35.560115
33.975367
32.494421
31.113907
29.831303
28.641691
27.537729
26.511551
25.556001
24.664896
23.832847
23.054980
22.326696
21.643543
21.001148
20.395148
19.821033
19.273865
18.747985
18.237880
17.744394
17.281087
16.853457
16.454053
16.077781
15.721998
15.384778
15.064513
14.759810
14.469445
14.192331
13.927492
13.674053
13.431229
13.198317
12.974692
12.759799
12.553147
12.354301
12.162876
11.978524
11.800932
11.629809
11.464882
11.305894
11.152597
11.004752
10.862128
10.724502
10.591657
10.463387
10.339490
10.219775
10.104058
9.992164
9.883926
9.779182
9.677783
9.579582
9.484442
9.392232
9.302827
9.216109
9.131966
9.050290
8.970980
8.893939
8.819076
8.746303
8.675539
8.606703
8.539722
8.474525
8.411043
8.349212
8.288971
8.230262
8.173029
8.117219
8.062782
8.009668
7.957833
7.907231
7.857822
7.809564
7.762420
7.716353
7.671326
7.627308
7.584264
7.542165
7.500981
7.460682
7.421242
7.382635
7.344835
7.307817
7.271560
7.236039
7.201234
7.167124
7.133688
7.100908
7.068765
7.037242
7.006320
6.975983
6.946216
6.917003
6.888328
6.860178
6.832539
6.805396
6.778738
6.752551
6.726824
6.701544
6.676700
6.652282
6.628278
6.604678
6.581473
6.558652
6.536206
6.514126
6.492403
6.471029
6.449995
6.429293
6.408915
6.388854
6.369102
6.349651
6.330496
6.311628
6.293042
6.274730
6.256687
6.238905
6.221379
6.204103
6.187071
6.170277
6.153715
6.137380
6.121266
6.105368
6.089679
6.074195
6.058909
6.043816
6.028910
6.014185
5.999635
5.985253
5.971032
5.956964
5.943042
5.929256
5.915595
5.902049
5.888601
5.875237
5.861935
5.848670
5.835409
5.822109
5.808715
5.795149
5.781306
5.767032
5.752105
5.736191
5.718771
5.699011
5.675564
5.646410
5.609383
5.564403
5.515729
5.469561
5.429425
5.395578
5.366879
5.342050
5.320068
5.300198
5.281926
5.264896
5.248856
5.233626
5.219072
5.205096
5.191620
5.178584
5.165940
5.153648
5.141676
5.129997
5.118587
5.107428
5.096502
5.085794
5.075292
5.064984
5.054861
5.044913
5.035132
5.025512
5.016045
5.006726
4.997550
4.988511
4.979605
4.970828
4.962175
4.953644
4.945230
4.936931
4.928744
4.920665
4.912692
4.904822
4.897052
4.889381
4.881806
4.874324
4.866934
4.859633
4.852419
4.845291
4.838246
4.831283
4.824400
4.817596
4.810867
4.804214
4.797634
4.791126
4.784688
4.778320
4.772019
4.765784
4.759614
4.753508
4.747464
4.741482
4.735559
4.729696
4.723891
4.718142
4.712450
4.706812
4.701228
4.695697
4.690218
4.684790
4.679413
4.674084
4.668805
4.663573
4.658388
4.653249
4.648155
4.643106
4.638101
4.633140
4.628220
4.623343
4.618507
4.613712
4.608956
4.604240
4.599562
4.594923
4.590320
4.585755
4.581226
4.576733
4.572275
4.567852
4.563463
4.559108
4.554785
4.550495
4.546237
4.542010
4.537815
4.533650
4.529514
4.525409
4.521332
4.517283
4.513263
4.509269
4.505303
4.501363
4.497449
4.493560
4.489696
4.485857
4.482040
4.478247
4.474477
4.470728
4.467001
4.463294
4.459608
4.455940
4.452291
4.448660
4.445046
4.441448
4.437866
4.434298
4.430742
4.427199
4.423667
4.420145
4.416631
4.413123
4.409620
4.406120
4.402621
4.399121
4.395616
4.392104
4.388581
4.385043
4.381486
4.377905
4.374293
4.370644
4.366948
4.363196
4.359375
4.355471
4.351466
4.347337
4.343058
4.338594
4.333899
4.328918
4.323574
4.317767
4.311364
4.304177
4.295949
4.286310
4.274733
4.260458
4.242402
4.219108
4.188907
4.150863
4.107182
4.064974
4.031035
4.005810
3.986636
3.971343
3.958625
3.947705
3.938094
3.929473
3.921625
3.914394
3.907668
3.901360
3.895408
3.889759
3.884373
3.879218
3.874266
3.869494
3.864886
3.860423
3.856094
3.851886
3.847789
3.843795
3.839895
3.836083
3.832353
3.828700
3.825118
3.821604
3.818154
3.814763
3.811430
3.808151
3.804923
3.801743
3.798611
3.795524
3.792479
3.789475
3.786511
3.783585
3.780695
3.777840
3.775020
3.772232
3.769476
3.766752
3.764056
3.761390
3.758752
3.756142
3.753557
3.750999
3.748466
3.745957
3.743473
3.741011
3.738573
3.736156
3.733762
3.731388
3.729036
3.726703
3.724391
3.722098
3.719824
3.717569
3.715332
3.713113
3.710912
3.708729
3.706562
3.704412
3.702278
3.700161
3.698059
3.695973
3.693903
3.691847
3.689807
3.687780
3.685769
3.683771
3.681788
3.679818
3.677862
3.675919
3.673989
3.672073
3.670169
3.668277
3.666399
3.664532
3.662678
3.660835
3.659004
3.657185
3.655378
3.653582
3.651797
3.650023
3.648260
3.646508
3.644766
3.643035
3.641315
3.639605
3.637905
3.636215
3.634535
3.632865
3.631205
3.629554
3.627913
3.626281
3.624658
3.623045
3.621441
3.619846
3.618260
3.616683
3.615114
3.613554
3.612003
3.610460
3.608926
3.607400
3.605882
3.604372
3.602871
3.601377
3.599891
3.598413
3.596943
3.595481
3.594026
3.592579
3.591140
3.589708
3.588283
3.586865
3.585455
3.584052
3.582656
3.581267
3.579885
3.578509
3.577141
3.575780
3.574425
3.573077
3.571735
3.570401
3.569072
3.567750
3.566435
3.565126
3.563823
3.562526
3.561236
3.559952
3.558674
3.557401
3.556135
3.554875
3.553621
3.552373
3.551130
3.549893
3.548662
3.547437
3.546217
3.545003
3.543794
3.542591
3.541394
3.540201
3.539015
3.537833
3.536657
3.535486
3.534320
3.533160
3.532005
3.530854
3.529709
3.528569
3.527434
3.526304
3.525179
3.524058
3.522943
3.521832
3.520727
3.519626
3.518529
3.517438
3.516351
3.515268
3.514190
3.513117
3.512049
3.510985
3.509925
3.508870
3.507819
3.506772
3.505730
3.504693
3.503659
3.502630
3.501605
3.500584
3.499568
3.498555
3.497547
3.496543
3.495543
3.494547
3.493555
3.492567
3.491583
3.490602
3.489626
3.488654
3.487686
3.486721
3.485760
3.484803
3.483850
3.482901
3.481955
3.481013
3.480075
3.479140
3.478209
3.477282
3.476358
3.475437
3.474521
3.473608
3.472698
3.471792
3.470889
3.469990
3.469094
3.468201
3.467312
3.466427
3.465544
3.464665
3.463790
3.462917
3.462048
3.461182
3.460319
3.459460
3.458603
3.457750
3.456900
3.456053
3.455210
3.454369
3.453531
3.452697
3.451865
3.451037
3.450211
3.449389
3.448569
3.447753
3.446939
3.446129
3.445321
3.444516
3.443714
3.442915
3.442119
3.441325
3.440535
3.439747
3.438962
3.438180
3.437400
3.436623
3.435849
3.435078
3.434309
3.433543
3.432780
3.432019
3.431261
3.430506
3.429753
3.429003
3.428256
3.427510
3.426768
3.426028
3.425291
3.424556
3.423823
3.423093
3.422366
3.421641
3.420919
3.420198
3.419481
3.418766
3.418053
3.417342
3.416634
3.415928
3.415225
3.414524
3.413825
3.413129
3.412435
3.411743
3.411053
3.410366
3.409681
3.408998
3.408318
3.407640
3.406963
3.406290
3.405618
3.404948
3.404281
3.403616
3.402953
3.402292
3.401633
3.400976
3.400322
3.399669
3.399019
3.398371
3.397724
3.397080
3.396438
3.395798
3.395160
3.394524
3.393890
3.393258
3.392627
3.391999
3.391373
3.390749
3.390127
3.389506
3.388888
3.388272
3.387657
3.387044
3.386434
3.385825
3.385218
3.384613
3.384010
3.383408
3.382809
3.382211
3.381615
3.381021
3.380429
3.379838
3.379249
3.378663
3.378077
3.377494
3.376913
3.376333
3.375755
3.375178
3.374604
3.374031
3.373459
3.372890
3.372322
3.371756
3.371192
3.370629
3.370068
3.369508
3.368951
3.368394
3.367840
3.367287
3.366736
3.366186
3.365638
3.365092
3.364547
3.364004
3.363462
3.362922
3.362384
3.361847
3.361311
3.360777
3.360245
3.359714
3.359185
3.358657
3.358131
3.357606
3.357083
3.356562
3.356041
3.355523
3.355005
3.354490
3.353975
3.353462
3.352951
3.352441
3.351932
3.351425
3.350920
3.350415
3.349913
3.349411
3.348911
3.348412
3.347915
3.347419
3.346925
3.346432
3.345940
3.345450
3.344961
3.344473
3.343987
3.343502
3.343018
3.342536
3.342055
3.341575
3.341097
3.340620
3.340144
3.339670
3.339196
3.338725
3.338254
3.337785
3.337317
3.336850
3.336384
3.335920
3.335457
3.334995
3.334535
3.334076
3.333618
3.333161
3.332705
3.332251
3.331798
3.331346
3.330895
3.330445
3.329997
3.329550
3.329104
3.328659
3.328215
3.327773
3.327332
3.326892
3.326453
3.326015
3.325578
3.325143
3.324708
3.324275
3.323843
3.323412
3.322982
3.322553
3.322125
3.321699
3.321273
3.320849
3.320426
3.320004
3.319583
3.319163
3.318744
3.318326
3.317909
3.317494
3.317079
3.316665
3.316253
3.315841
3.315431
3.315022
3.314613
3.314206
3.313800
3.313395
3.312990
3.312587
3.312185
3.311784
3.311384
3.310985
3.310586
3.310189
3.309793
3.309398
3.309004
3.308611
3.308218
3.307827
3.307437
3.307048
3.306659
3.306272
3.305886
3.305500
3.305116
3.304732
3.304350
3.303968
3.303587
3.303207
3.302829
3.302451
3.302074
3.301698
3.301322
3.300948
3.300575
3.300202
3.299831
3.299460
3.299091
3.298722
3.298354
3.297987
3.297621
3.297255
3.296891
3.296527
3.296165
3.295803
3.295442
3.295082
3.294723
3.294364
3.294007
3.293650
3.293295
3.292940
3.292586
3.292232
3.291880
3.291528
3.291178
3.290828
3.290479
3.290130
3.289783
3.289436
3.289090
3.288745
3.288401
3.288058
3.287715
3.287373
3.287032
3.286692
3.286353
3.286014
3.285676
3.285339
3.285003
3.284667
3.284333
3.283999
3.283666
3.283333
3.283002
3.282671
3.282341
3.282011
3.281683
3.281355
3.281028
3.280701
3.280376
3.280051
3.279727
3.279403
3.279081
3.278759
3.278438
3.278117
3.277797
3.277478
3.277160
