Camada Oculta
Pesos Neuronio 0: -0.046039 0.103874 0.065848 0.206040 -0.033387 0.190066 -0.150836 -0.046314 0.136597 0.017905 -0.068086 -0.022220 0.095644 0.157912 0.471021 0.220122 -0.061839 0.153669 0.264935 0.018827 -0.042064 -0.186406 -0.110048 -0.035645 0.085523 0.039009 0.083977 0.190357 0.386952 0.430594 0.168645 0.100106 0.073880 0.237587 -0.150369 0.040777 -0.025830 -0.002221 -0.196091 0.218914 0.490810 -0.211445 -0.156902 0.073665 0.248419 0.215279 -0.133284 0.058184 0.091601 0.231115 -0.129336 -0.511065 -0.153151 0.411839 -0.050323 -0.234349 -0.054180 0.257929 0.111473 0.139699 -0.139712 0.163813 -0.211065 -0.025813 -0.118811 0.007790 0.316128 -0.440748 -0.366206 0.069123 0.009103 0.104444 0.024427 0.155802 -0.383143 -0.463954 -0.229645 -0.059985 0.661912 -0.025914 -0.542449 0.029874 0.028391 0.139028 0.032021 0.006388 -0.004027 0.156257 -0.029120 0.146583 0.426215 0.405120 -0.137251 0.201149 -0.007408 0.034807 -0.026568 0.292789 -0.229306 0.161997 -0.452508 -0.498824 0.039961 0.434572 0.434641 0.330069 -0.039060 -0.020563 -0.067392 0.008159 -0.014892 -0.078293 -0.061754 -0.347961 -0.242416 -0.004959 0.135037 0.032501 0.015948 0.075605
Pesos Neuronio 1: 0.017829 0.037499 0.313332 0.235573 0.048640 -0.070073 -0.240325 -0.023154 -0.169802 -0.025540 0.048802 -0.128074 -0.080073 0.236106 0.260673 0.173244 0.229735 0.120049 0.242287 0.035393 -0.278358 -0.209167 0.141992 -0.069607 -0.011219 -0.237787 0.098768 -0.028271 0.034738 -0.013757 0.017231 -0.035119 0.223516 0.067009 -0.044136 -0.009184 0.043873 -0.079892 -0.104233 -0.005639 -0.472639 -0.487017 -0.176933 0.125711 0.247671 0.096169 -0.064120 0.266567 0.021365 -0.372890 -0.180605 -0.040903 0.007748 -0.310866 0.115097 0.093486 0.144549 0.114799 0.068451 0.124439 0.076564 -0.241940 -0.143200 0.232939 0.125238 -0.250424 -0.215040 0.240908 0.050699 0.012484 0.136709 0.029627 0.095087 -0.141844 -0.016315 0.029755 -0.166565 -0.161980 -0.395175 -0.074224 -0.139707 -0.086836 0.078405 0.073262 -0.048186 -0.004817 -0.166579 -0.227631 -0.403542 -0.143668 -0.091881 0.182747 -0.001860 0.098938 0.081130 0.003322 0.238933 0.306077 0.130579 -0.096787 -0.207066 -0.192461 0.008577 0.246496 0.252276 0.048749 0.282692 0.120861 -0.066671 0.213064 0.186753 0.045899 -0.011788 -0.279136 -0.595206 0.089540 0.213964 -0.178650 0.122836 0.111245
Pesos Neuronio 2: 0.146443 0.014655 0.084545 -0.208132 -0.230482 -0.445811 -0.301468 -0.367957 -0.221759 0.016657 0.070232 -0.016872 0.120146 0.289401 0.094087 -0.024074 -0.146046 -0.293581 -0.138827 -0.023301 -0.294721 -0.003218 0.147005 0.085287 0.036676 0.215481 0.147274 0.111164 0.317498 0.129156 -0.040465 -0.076863 0.084899 0.054740 0.047537 0.134826 0.067378 0.061302 0.053372 0.331889 0.289800 -0.280797 -0.285316 0.292216 0.446003 -0.078185 0.138969 0.077225 -0.010506 -0.021241 0.199830 0.423779 -0.067502 0.302679 -0.076571 0.344577 0.642077 0.251166 0.078061 -0.083677 0.014323 0.176789 0.201010 0.250931 0.085644 -0.079702 0.080395 0.232998 0.599143 0.311859 0.147637 -0.076424 0.098000 0.093501 0.220193 -0.221890 -0.127834 -0.230874 0.180076 0.164870 0.578150 0.283261 0.051774 -0.000846 0.063701 0.103511 -0.042002 -0.211476 -0.121157 -0.144869 0.091560 0.134440 0.184959 0.260478 0.158749 -0.058439 0.062639 0.488645 0.313444 -0.032947 -0.173414 -0.223058 0.042621 -0.047528 -0.291026 -0.148951 0.072047 -0.070092 -0.033622 0.068571 0.092175 -0.049464 -0.322524 -0.446292 -0.422873 -0.321591 -0.065066 -0.004925 0.041363 0.058519
Pesos Neuronio 3: -0.119027 -0.174893 -0.160323 -0.178043 0.053171 0.228327 0.389809 0.037893 0.130112 -0.293332 0.045329 0.087901 0.173937 -0.224064 -0.333404 -0.093049 -0.068187 0.002277 -0.097740 0.032688 -0.267550 -0.074005 -0.014825 0.000217 -0.001880 0.189565 -0.141874 -0.160195 0.022563 -0.006016 0.251916 0.267588 -0.032659 -0.025693 0.101105 -0.030675 0.163736 -0.021934 0.127992 -0.048300 -0.056854 -0.139664 0.172158 0.331051 0.009971 0.226866 0.103731 0.041873 0.132258 0.082671 0.289136 0.037665 -0.199523 -0.032168 -0.190265 0.049605 0.091812 0.241982 0.267516 0.043978 0.100771 0.171082 0.007336 0.057895 -0.190221 -0.200963 -0.196755 -0.170543 -0.061611 0.078066 -0.074034 0.031554 -0.068352 0.158085 -0.133827 0.057948 -0.171561 -0.106564 -0.094613 0.160701 0.099136 0.264702 0.116303 0.036398 -0.042812 -0.004486 0.024462 -0.099630 0.105830 -0.002629 0.078297 0.036973 0.007482 -0.047333 0.038096 0.064522 -0.041411 -0.313195 -0.021334 -0.108270 -0.084667 0.038408 0.123911 -0.098810 -0.131541 -0.008843 -0.105535 -0.090373 0.017431 -0.160385 -0.052054 -0.041562 0.087941 0.139578 0.157624 -0.009031 -0.281825 -0.044300 -0.009290 0.065999
Pesos Neuronio 4: -0.114781 -0.215440 -0.206729 -0.038305 0.241019 0.069475 0.250332 -0.033090 0.390369 -0.054868 -0.045781 0.042910 -0.002864 -0.173171 -0.252392 0.035198 -0.122986 0.042091 0.005578 0.191486 -0.051953 -0.120917 -0.125178 0.022201 0.047899 -0.148556 -0.152543 -0.274911 -0.039513 -0.008751 -0.024278 0.042429 0.114719 -0.034037 0.082036 0.046896 0.163035 0.033021 -0.148389 -0.311667 -0.324833 -0.109743 0.069555 -0.011783 -0.133027 0.262443 0.163096 -0.009057 0.140201 0.110616 0.087394 -0.067807 0.016477 -0.142299 -0.051008 -0.179193 0.120996 0.101527 0.056231 0.121432 0.086999 0.057131 0.136884 -0.109553 -0.223079 -0.046809 -0.318501 0.196379 0.011689 0.170312 -0.116441 0.116742 0.019187 0.188521 0.098260 -0.020789 -0.050684 -0.216328 -0.240255 0.257216 0.004656 0.107270 0.039706 0.187907 0.107435 0.026565 0.095308 0.001014 0.052667 -0.279313 -0.046628 -0.041115 -0.031588 -0.042297 -0.110421 0.156945 -0.162271 -0.581190 -0.298779 -0.257207 0.012736 0.117273 0.082136 0.063550 -0.242702 -0.009194 0.095624 0.021925 0.057154 -0.118028 -0.198326 -0.232938 0.034274 -0.109019 0.168966 0.357953 0.076975 -0.122070 -0.030728 0.099267
Pesos Neuronio 5: -0.020383 0.136687 0.236201 -0.089488 0.057926 -0.280389 -0.443681 -0.080410 -0.118151 0.239880 -0.088462 -0.015505 -0.195423 -0.094848 0.122945 0.251000 0.228193 -0.417954 0.071817 0.175265 0.092069 0.168368 0.041833 -0.016434 -0.199996 -0.233851 0.137577 0.279231 0.309354 -0.000821 -0.256958 0.023493 0.351163 0.331967 -0.287281 -0.106291 0.029688 -0.029898 -0.222852 0.142505 0.527564 0.023090 -0.177815 -0.027274 0.178406 0.046615 -0.358767 0.099605 0.103358 -0.119123 -0.245064 -0.194048 -0.003002 0.159032 -0.085703 0.224606 -0.023603 -0.126845 -0.176394 0.114703 -0.055375 -0.043674 -0.291456 -0.315538 -0.066570 0.118654 -0.204745 0.214366 0.019727 0.132797 0.111465 0.070112 0.152762 -0.229247 0.193978 -0.255768 -0.241206 0.046651 -0.177254 -0.008377 0.190160 0.020844 0.122237 0.086677 -0.021205 0.041251 0.131366 -0.098150 -0.252683 -0.255202 -0.366490 0.040374 0.087070 0.153555 0.124820 0.092601 0.203323 0.452428 0.102016 -0.105934 -0.404818 -0.266566 -0.018058 -0.085806 0.292428 0.237605 0.111960 0.130280 0.150502 0.154999 0.257247 -0.302678 0.107163 0.009171 -0.332870 -0.272186 -0.084390 -0.148612 0.064669 0.031467
Pesos Neuronio 6: 0.135618 -0.194176 -0.095002 0.078578 0.038083 0.030793 0.416848 0.237343 -0.158358 -0.554537 0.110234 0.195188 0.248485 -0.029074 -0.092554 -0.010503 0.018572 0.362413 0.269185 -0.029299 -0.306097 -0.342846 -0.137270 0.220241 0.125500 0.126566 -0.160237 0.034812 -0.254124 0.015333 0.105194 0.065660 -0.249945 -0.046668 0.096826 0.100739 0.164552 0.160891 -0.179014 -0.274723 0.134332 0.146336 0.224785 0.271245 0.189054 0.618975 0.131403 0.140626 0.112075 0.170596 0.131652 -0.150289 -0.368869 -0.107592 -0.549119 -0.226537 0.607215 0.454398 0.266432 0.018473 -0.011824 -0.088618 -0.139155 -0.057038 -0.530167 -0.106517 -0.211328 -0.358481 0.428088 0.334153 0.126800 0.091144 -0.103281 0.110601 -0.056945 0.245996 -0.097850 -0.509402 0.096062 0.398890 0.431251 0.220594 0.160301 -0.089434 0.028393 0.031220 -0.079798 0.148130 0.180226 -0.335732 0.475160 0.492076 0.120994 0.057291 -0.118016 -0.008347 -0.131857 -0.150888 0.440869 0.176870 0.076721 -0.105594 0.252074 -0.167195 -0.188797 -0.174100 -0.310963 0.008912 -0.070614 -0.407226 0.089130 0.201963 -0.107456 0.023868 0.477037 -0.061215 -0.369523 -0.303227 -0.141284 0.012341
Pesos Neuronio 7: 0.264694 -0.054261 0.168233 0.059821 -0.281349 -0.457562 -0.238540 0.066482 0.075711 0.344336 0.089144 0.164355 -0.103702 -0.077097 0.060989 0.072955 0.094289 -0.684268 -0.215927 -0.080523 -0.290429 0.000762 -0.036315 0.136740 -0.106634 -0.169324 -0.165934 0.100700 -0.442415 -0.199831 -0.266564 -0.243489 -0.096458 -0.157820 0.035969 0.125037 -0.065010 0.177439 -0.268279 -0.204801 -0.216265 0.217377 0.239101 -0.355996 -0.275158 -0.111450 -0.013930 0.190983 -0.079747 -0.074486 -0.333895 -0.204980 -0.037287 0.023136 -0.062390 0.098299 -0.115591 -0.236072 -0.121810 -0.041071 -0.034693 -0.269625 -0.359134 -0.265649 -0.017098 0.248115 -0.442126 0.237455 0.414821 0.087282 -0.101730 -0.012786 -0.057522 -0.368041 -0.058440 0.178968 0.050148 0.102470 -0.208372 0.394775 0.441452 -0.105304 0.020480 0.063627 0.000905 0.106050 0.082224 -0.302710 -0.077718 -0.356458 -0.178602 -0.130659 0.201832 -0.166759 0.108838 0.112494 0.309209 0.287104 0.465652 0.241812 -0.180160 -0.230000 0.219433 -0.038211 -0.183996 -0.116131 0.075444 0.144567 0.130669 0.310515 0.245008 -0.075732 -0.051248 -0.056846 0.323124 -0.062179 0.076655 0.011143 -0.076611 -0.001322
Pesos Neuronio 8: 0.011369 0.017005 0.085485 0.183999 0.117777 0.252266 0.196213 0.126091 0.003679 -0.069327 0.008847 -0.004681 -0.076102 -0.068646 0.303897 0.279273 0.084864 0.055855 0.013691 0.017996 -0.013079 -0.257644 -0.026094 0.020516 -0.067475 0.001321 -0.053851 0.089051 0.169896 0.095952 -0.121528 0.108071 -0.011323 -0.115503 -0.136354 -0.007744 -0.019517 -0.083165 -0.037561 -0.035888 0.063275 -0.262492 -0.080362 0.099613 0.200463 0.015703 -0.074387 0.147581 -0.014557 -0.026649 -0.252819 -0.238724 -0.149911 -0.133256 -0.066416 -0.222649 0.086582 0.144249 0.123502 0.062367 -0.115884 -0.164321 -0.158717 0.007294 -0.129361 -0.106559 -0.014900 -0.145633 -0.134024 -0.013769 0.066996 0.078977 -0.084422 -0.143190 -0.136492 -0.076698 -0.152860 -0.008299 0.380023 0.009720 -0.269816 -0.133469 -0.040119 0.039713 -0.044325 -0.089763 -0.249033 0.102394 -0.013350 0.135498 0.266730 0.295979 -0.161876 -0.191685 -0.072805 0.071254 0.018831 0.160559 0.035564 -0.015671 -0.034146 0.030229 -0.078946 0.337131 0.162476 0.125006 -0.048831 0.126448 -0.100908 -0.008916 0.046389 -0.073807 -0.089487 -0.186588 0.012394 0.099093 0.369924 0.016385 0.010579 0.013798
Pesos Neuronio 9: -0.106380 -0.164364 -0.377542 0.061389 -0.141913 -0.030150 0.262561 0.195851 -0.052240 -0.085572 0.037463 -0.149891 -0.042146 -0.079866 0.021301 0.213578 -0.144784 -0.420271 -0.310900 -0.105653 -0.204151 0.074093 0.128857 0.011627 -0.047172 0.220045 -0.132383 -0.118824 0.024532 -0.358375 0.155918 0.207787 -0.028764 -0.174656 0.189070 0.010789 -0.070420 0.155152 0.347305 0.075395 -0.018736 -0.227709 0.121403 0.154140 0.274656 0.180382 0.363292 0.067285 -0.185352 0.146267 0.258561 -0.021477 -0.088910 0.000665 -0.003389 -0.061008 0.207208 0.197710 0.162587 0.092671 -0.016399 0.046314 0.026086 -0.043599 -0.079217 -0.130591 -0.110994 -0.016358 0.064872 0.049625 0.077351 0.047625 0.126533 0.180580 -0.256883 0.190440 -0.126040 0.035906 0.109812 0.137156 0.173136 -0.008942 -0.090772 0.066703 -0.046702 0.051845 -0.354399 0.104270 -0.098966 0.534600 0.317628 0.077066 0.212823 -0.184788 0.085427 0.103768 0.036190 0.112908 0.032309 -0.335424 -0.091437 0.137044 0.079004 -0.493339 0.330946 0.288190 -0.019583 0.065763 0.126085 -0.036276 -0.032066 -0.043721 -0.537599 -0.056918 0.505998 0.465023 0.408092 0.384185 0.237501 0.048952
Pesos Neuronio 10: -0.273134 -0.138154 -0.197887 -0.105718 0.126030 0.005611 0.366489 0.092286 0.229762 -0.334785 -0.170181 -0.201986 -0.181177 -0.242804 -0.240090 -0.099036 -0.101723 0.134087 0.044731 0.309027 -0.287103 -0.139913 0.088698 -0.193683 0.060113 0.086096 -0.199566 -0.187566 0.026157 -0.115392 0.308211 0.296456 0.003385 0.167571 0.096675 -0.028225 -0.087464 -0.043947 -0.018334 -0.172600 0.086728 -0.255180 0.171385 0.609900 -0.027201 0.428685 0.095302 -0.061201 0.090492 0.036456 -0.094622 0.114576 -0.330618 -0.195890 -0.290723 0.144433 0.308265 0.403953 0.171637 -0.035594 0.152985 0.052034 -0.133426 0.016063 -0.052273 -0.042734 -0.526222 -0.234627 0.024335 0.018215 -0.008739 0.050155 0.106643 0.149809 -0.328749 0.074986 -0.131209 -0.038525 -0.302401 -0.153732 0.308975 0.280094 0.147639 0.042180 -0.010846 0.209793 -0.026943 -0.124408 -0.101017 0.167426 -0.068811 -0.175132 -0.030552 -0.109284 0.025756 -0.066696 0.040956 -0.012813 -0.096338 -0.227491 -0.124293 0.295050 0.117858 -0.743474 -0.499478 -0.190845 -0.069980 0.081632 0.145929 -0.018247 -0.032999 -0.049368 0.143437 0.356557 0.232509 -0.298907 -0.693018 -0.065828 0.157745 0.088145
Pesos Neuronio 11: -0.001785 -0.157416 0.094426 0.032603 0.045962 0.204927 -0.176850 -0.040367 -0.062878 -0.171001 -0.006083 -0.029694 -0.123479 0.052382 0.082104 -0.180605 0.064458 0.014531 0.571556 0.171814 -0.442339 -0.469203 0.205466 -0.095697 -0.100425 -0.148036 -0.040603 -0.128714 0.072505 -0.136753 0.470776 0.652564 0.304671 0.228958 0.000329 -0.153599 0.060153 -0.346948 -0.181329 -0.108866 0.152873 -0.293824 0.300250 0.523646 0.322884 0.212624 -0.025228 -0.055747 0.099165 -0.234547 -0.236324 -0.414883 -0.279095 -0.133789 0.138077 0.141104 0.204822 0.229600 0.004191 -0.000375 0.079785 0.107692 -0.277436 0.026174 0.115483 -0.142130 -0.130239 -0.339320 -0.139611 0.007201 0.148440 -0.030777 -0.112439 -0.087337 -0.155513 -0.013902 0.185389 -0.018855 -0.376767 -0.176537 -0.175476 -0.093910 0.211388 -0.046199 -0.145718 0.254474 0.163072 -0.015332 -0.158849 0.057949 -0.188033 0.113648 -0.117322 0.177883 0.157557 -0.116242 0.151979 0.460442 0.106478 0.263544 -0.416059 -0.207201 0.031019 -0.275145 0.341670 0.336875 -0.023237 -0.184170 -0.014202 0.196370 0.448533 -0.022288 0.116848 -0.224495 -0.293849 -0.255479 -0.408584 -0.300867 -0.008091 -0.052641
Pesos Neuronio 12: 0.110283 0.150858 0.296924 0.043783 0.211536 -0.171990 -0.051418 0.084927 -0.049136 -0.074784 -0.069934 -0.065198 -0.091942 0.026056 0.199723 0.314733 0.211969 0.209857 0.097135 0.164166 -0.070554 -0.158708 -0.167261 -0.104084 -0.159251 -0.116336 0.241374 0.027412 0.432522 0.404872 -0.023486 -0.049226 0.110309 -0.121799 -0.192562 0.004475 0.002710 0.072080 -0.163723 0.140992 -0.104407 -0.178543 -0.192630 0.324344 -0.110082 0.259484 -0.085369 0.268868 -0.017242 -0.237205 -0.171216 0.260722 -0.198687 -0.158663 -0.607087 -0.044881 0.300256 0.307040 0.140139 0.169118 0.037751 -0.108368 -0.256678 0.114610 -0.193735 -0.396216 -0.445199 0.096887 0.344353 0.104034 0.124522 0.195797 0.020861 -0.145841 -0.125551 -0.129950 -0.432196 -0.220361 -0.014381 0.114456 0.266386 0.329760 0.305763 0.121084 0.185629 -0.313607 -0.244502 -0.277286 -0.326184 -0.182023 0.001902 0.290533 0.165231 0.238416 0.112646 0.117845 0.031546 -0.034073 0.024260 -0.065539 -0.331005 -0.061919 -0.154344 0.341775 -0.020236 -0.216927 0.064508 0.072490 0.078157 -0.020854 0.133417 0.134887 0.131359 -0.208367 -0.571673 -0.081915 -0.049639 -0.179322 0.019360 0.084113
Pesos Neuronio 13: 0.207777 0.031888 0.290773 -0.023572 -0.287169 -0.207884 -0.325541 -0.052580 -0.073580 -0.065815 0.211218 0.069107 0.048735 0.164014 0.170349 -0.151008 0.124261 -0.149277 0.060839 -0.225761 -0.331762 -0.223519 0.065125 -0.046791 -0.097542 -0.070596 -0.026672 0.041016 -0.382303 -0.279540 0.060878 0.136691 0.169305 0.061925 0.190061 0.038496 -0.003696 -0.076395 -0.140622 -0.112512 -0.137499 -0.043926 0.255396 0.048149 0.019975 -0.024755 0.188155 0.214343 0.090379 -0.325353 -0.376396 -0.145064 -0.194149 -0.068651 0.101690 0.059703 0.006409 0.028159 0.126296 -0.058508 0.001153 -0.345081 -0.418473 0.128857 0.238064 0.052446 -0.169124 -0.011294 0.078878 -0.008732 0.155433 -0.051492 -0.003428 -0.441035 0.017222 0.236540 0.329108 0.125044 -0.237660 0.049188 0.065238 -0.169279 0.114888 -0.041445 -0.066540 0.107016 0.045990 -0.099046 -0.165440 -0.166538 -0.128940 0.091734 0.144337 0.023431 0.004878 -0.087033 0.271961 0.614363 0.715259 0.534502 -0.283988 -0.389244 0.064517 -0.213601 -0.111841 -0.264937 -0.010279 -0.052140 -0.002764 0.294401 0.772551 0.065209 0.036827 -0.191112 -0.232449 -0.402574 -0.282393 -0.034222 -0.061531 -0.002775
Pesos Neuronio 14: 0.090894 0.078648 -0.097929 0.348332 -0.119019 0.271915 0.185696 0.000984 0.022727 -0.052887 0.052525 0.128437 0.079899 0.034204 0.203335 0.185163 0.025421 -0.167091 0.087680 -0.387856 -0.058511 -0.164010 0.010801 0.025311 0.141960 -0.004904 -0.059328 0.068454 -0.128435 0.074646 -0.050611 0.230049 -0.103228 -0.033193 0.215134 0.149466 0.059961 -0.017002 0.021121 -0.208195 0.014851 -0.162598 0.011712 -0.013771 0.178636 0.113579 0.111402 0.009177 0.069795 0.125879 -0.082811 -0.622307 0.060629 0.240884 -0.015728 -0.239065 -0.034781 0.004337 0.086717 0.074062 -0.063356 -0.163691 -0.206063 -0.113003 0.117578 -0.023526 0.174308 -0.209975 -0.360003 0.041523 0.059815 0.054780 -0.076382 -0.030791 -0.111345 -0.053560 0.105398 0.093752 0.325181 0.088449 -0.391967 -0.170562 -0.046379 0.008542 0.019223 -0.014294 0.076322 0.200540 0.170971 0.101923 0.386490 0.447793 -0.264018 -0.333652 -0.064351 -0.044231 0.043325 0.237064 -0.129232 0.062359 -0.053773 -0.089353 0.308563 0.098273 0.254459 0.249748 -0.001600 0.018643 -0.030179 -0.003421 -0.111531 -0.155442 -0.445089 -0.574262 0.338338 0.313287 0.428709 0.087772 0.006418 -0.078439
Pesos Neuronio 15: -0.129895 -0.022883 0.000859 0.033995 0.342129 0.315140 0.282215 0.109118 0.181820 -0.208462 -0.170885 -0.070279 -0.199087 -0.195326 -0.019732 -0.143427 -0.051595 0.203362 0.487900 0.099398 -0.158279 -0.304849 -0.198972 -0.077775 -0.008328 -0.129321 -0.117076 -0.144181 0.139833 0.199565 0.404660 0.569508 0.009818 0.057662 -0.048010 -0.002848 -0.065605 -0.249993 -0.257548 0.000197 0.144413 -0.084434 0.156368 0.503415 -0.165790 0.228599 0.020208 -0.075975 -0.044064 -0.178021 -0.293264 -0.318555 -0.332698 -0.471287 -0.226913 -0.087368 -0.178256 -0.096872 0.016301 0.106729 0.093224 -0.018431 -0.297593 -0.243473 -0.121450 0.059458 -0.336011 -0.193268 -0.432501 -0.314579 -0.083470 -0.031615 0.023798 -0.031865 -0.188694 -0.022259 0.221119 -0.003463 -0.211923 0.082556 -0.366099 -0.118354 0.015897 0.141280 0.073852 -0.006933 0.089164 0.045850 0.185725 0.103657 -0.010979 0.100296 -0.383316 0.082705 0.093454 0.011185 0.045540 -0.037611 -0.175146 0.168087 -0.189297 -0.118564 0.117133 -0.238337 -0.160289 -0.185167 -0.005603 -0.013287 0.009814 0.042011 0.077000 0.066507 0.152592 0.143867 -0.011804 -0.092677 -0.335931 -0.228569 -0.011202 0.023502
Pesos Neuronio 16: 0.121508 0.055800 0.032109 -0.180721 -0.152950 -0.250946 -0.084018 -0.037928 -0.131030 -0.011953 0.068514 -0.072839 0.082527 0.179421 0.054478 -0.027646 0.006062 -0.233135 -0.161183 -0.055311 -0.242137 -0.005012 0.065970 0.000153 -0.120063 0.124284 0.100205 0.080682 0.048696 -0.072242 0.098001 -0.133378 0.039301 0.006483 0.049824 -0.011757 0.039941 0.074485 0.196573 0.105553 -0.105586 -0.258687 -0.081184 0.147009 0.116170 -0.061141 0.118160 0.010028 -0.074975 0.019020 0.061205 0.109039 -0.061346 -0.052628 0.109657 0.327902 0.389390 0.113022 0.142629 -0.058666 -0.074644 0.041655 0.083761 0.278622 0.071272 -0.112653 0.026449 0.174190 0.401562 0.094816 0.122247 0.025729 0.074228 0.062167 0.072974 0.070100 -0.019837 -0.227943 -0.207716 0.149910 0.345584 0.170840 0.066337 -0.069517 -0.003503 0.012563 -0.046599 -0.233626 -0.253927 -0.074480 -0.025211 -0.090862 0.139277 0.214062 0.056930 -0.083026 0.114343 0.369969 0.180573 -0.178824 -0.065062 -0.211235 -0.227373 -0.170102 0.060583 0.090797 0.104604 -0.011243 -0.022928 0.183166 0.232591 0.069848 -0.054789 -0.194428 -0.211872 -0.194606 -0.135265 -0.082218 0.095803 0.110902
Pesos Neuronio 17: 0.186023 0.077197 0.208078 0.200735 0.006887 0.123613 -0.097464 -0.024043 -0.294024 -0.230753 0.211168 0.128403 0.172525 0.277489 0.424587 -0.126631 0.148003 0.363917 0.328553 -0.330128 -0.124669 -0.165358 0.164908 0.033484 0.074437 0.111734 0.182956 0.071240 -0.213743 -0.008246 -0.012009 0.097159 0.288374 0.027700 0.062632 0.094920 0.086591 0.008296 -0.015990 0.332200 -0.446346 -0.453485 -0.172680 0.236663 0.517408 -0.019515 0.115909 0.246106 0.094296 -0.217326 0.042636 -0.074127 0.042388 -0.068276 0.046959 0.106896 0.417256 0.240973 0.033362 0.135814 0.053764 -0.094844 -0.097590 0.576781 0.023785 -0.390497 0.295809 -0.148577 0.062410 -0.046491 0.198743 -0.056798 -0.089255 -0.160754 -0.010916 0.190362 0.222683 -0.180173 -0.038356 -0.030955 -0.234119 0.009445 0.190797 -0.096490 -0.126423 -0.027273 -0.095747 0.012808 -0.126796 -0.147391 0.218179 0.044178 0.020002 0.118250 -0.069346 0.032023 0.043209 0.173945 0.210228 0.300360 -0.078034 -0.339814 0.091527 0.338307 -0.131200 0.018687 0.178006 0.009003 -0.130861 0.080883 0.291692 0.390349 0.033783 -0.587384 -0.578174 -0.173378 -0.002368 -0.248646 0.039997 -0.083301
Pesos Neuronio 18: -0.001303 0.019198 -0.102669 0.167008 -0.309434 -0.067967 0.060834 -0.102109 -0.064917 0.011155 0.078699 -0.096496 0.089764 0.039066 0.301535 0.288565 -0.047576 -0.259817 0.004585 -0.260855 -0.095802 -0.018697 0.226748 0.025738 0.032723 -0.053495 -0.135337 -0.186788 -0.227595 -0.093212 -0.172603 -0.165424 -0.063750 -0.323709 0.332020 0.068469 -0.048262 0.148705 0.166035 0.015987 -0.682470 -0.598303 -0.451265 0.118370 0.430992 -0.029808 0.165308 0.070240 -0.028701 -0.051860 0.209096 -0.021955 0.358290 -0.058151 0.325775 0.102324 0.270025 0.070813 0.125869 0.177885 -0.138982 -0.172771 0.060527 0.398448 0.135351 -0.359797 0.076615 0.279552 -0.052072 0.006379 0.047835 0.052784 0.041736 0.127154 -0.208022 0.031895 -0.167401 -0.112965 0.014427 0.058936 -0.214905 -0.200198 -0.038603 0.026105 0.014609 -0.184060 -0.302050 -0.083517 -0.199261 0.189903 0.244181 0.089222 0.071323 -0.147630 0.010571 0.026168 0.016658 -0.138083 -0.229580 -0.394040 -0.050483 0.018152 0.216638 0.163509 0.492707 0.404761 0.209911 0.069528 -0.274877 -0.187875 -0.476128 -0.139156 -0.541680 -0.487620 -0.028813 0.670233 0.679819 0.323851 0.036448 -0.050206
Pesos Neuronio 19: -0.005225 0.032967 0.065831 0.262212 -0.081283 -0.025021 0.184918 0.169087 -0.094660 -0.011949 -0.068764 -0.078515 -0.112313 -0.063510 0.129461 0.171999 0.059603 -0.351236 -0.257343 -0.177438 -0.102025 0.058134 0.159812 -0.062784 -0.117020 0.025872 0.093589 0.032880 -0.116335 -0.163191 -0.003232 -0.112321 -0.107831 -0.126320 0.049443 0.022588 -0.034252 0.154492 0.118610 0.064982 -0.085710 -0.245010 0.069655 0.215074 0.075842 0.064215 0.108171 0.190920 -0.072623 -0.088196 -0.035327 0.125560 -0.091366 -0.203660 -0.121718 0.118333 0.183605 0.057158 -0.012853 0.077934 -0.114765 -0.297502 -0.194645 0.129075 0.151530 -0.263790 -0.270540 0.094629 0.265827 0.084751 0.125828 0.003375 0.034072 -0.263846 -0.202512 0.221088 -0.175407 0.067597 -0.219516 0.004419 0.243963 0.085146 -0.064769 0.021503 0.037805 -0.009150 -0.218368 -0.114043 -0.195144 0.158588 0.038085 -0.127246 0.205059 -0.094496 0.139159 -0.005595 0.193594 0.237469 0.474733 -0.117246 -0.132762 0.158511 -0.033936 -0.203270 0.157919 0.233705 -0.010487 0.000398 0.099796 0.108837 0.297658 0.013721 -0.131735 0.101736 0.154855 0.257262 0.148107 0.277055 0.110721 -0.075701
Pesos Neuronio 20: 0.169480 0.160817 0.325512 0.447443 0.187126 0.086353 0.174609 0.159239 0.004857 -0.129646 -0.005854 -0.056439 -0.031339 -0.047869 0.315662 0.279389 0.314772 0.039318 0.251204 -0.012972 -0.262845 -0.296719 -0.068514 -0.043355 0.015195 -0.141617 0.105448 0.116163 -0.033802 0.082099 -0.139276 -0.169859 0.036179 -0.196641 0.102451 -0.048921 -0.109932 -0.123349 -0.189901 -0.184973 -0.436088 -0.231165 -0.150880 0.260900 0.170984 0.044352 0.043594 0.138407 -0.092675 -0.333936 -0.102074 -0.056664 -0.083830 -0.239958 -0.070012 0.085689 0.174257 -0.110619 0.033566 0.148153 0.000846 -0.224811 -0.098249 0.215881 0.142052 -0.170309 -0.313318 0.200743 -0.054680 -0.025149 -0.033404 0.128507 0.072720 -0.244018 -0.058933 0.092169 0.016316 -0.118302 -0.319441 -0.214610 -0.255939 0.063994 0.065249 0.035509 0.110233 -0.088287 -0.067064 -0.126121 -0.476272 -0.211206 -0.313728 0.086856 -0.069595 -0.106342 -0.046034 0.095353 0.063906 0.193993 0.127359 0.039688 -0.256722 -0.170735 -0.140212 0.194730 -0.052572 -0.169181 0.219681 0.150025 -0.087261 0.131919 0.130989 0.088221 -0.028798 -0.412226 -0.308766 -0.071003 0.084074 -0.223352 0.055827 0.159593
Pesos Neuronio 21: -0.156403 -0.207880 0.078051 0.116756 0.101032 0.019359 0.280512 0.494483 0.234497 -0.356371 -0.201505 -0.082098 -0.102651 -0.115652 -0.151061 0.012901 -0.103838 0.221935 0.256241 0.249608 -0.182447 -0.329328 -0.038581 -0.225866 -0.132099 -0.052335 -0.063063 -0.074214 -0.008524 0.133866 0.306522 0.133700 0.038976 0.059860 -0.095242 0.012152 -0.083144 -0.066673 0.130499 0.035113 0.032590 -0.118651 0.298515 0.591023 0.011159 0.510706 0.017368 -0.008467 0.091235 0.101460 -0.007637 0.120689 -0.342426 -0.703450 -0.503625 0.069498 0.393340 0.452863 0.270345 -0.054248 0.108293 0.158353 -0.154761 0.012204 -0.162252 -0.236583 -0.403504 -0.309051 0.200976 0.335613 0.247328 0.011864 -0.026964 -0.125680 -0.201729 0.106942 -0.007300 -0.066374 -0.298697 0.003421 0.269294 0.083729 0.163405 0.105312 -0.026912 0.036715 -0.190955 -0.147341 0.018838 0.115214 0.075414 0.109071 0.021058 0.129961 0.001635 0.049793 0.151863 -0.005754 0.162622 -0.379869 0.043297 0.408022 0.208709 -0.463126 -0.294826 -0.118597 -0.073628 0.100486 -0.016945 0.020619 0.080008 0.027753 0.161859 0.473972 0.389532 -0.143653 -0.569823 0.021321 0.024936 0.084290
Pesos Neuronio 22: -0.160796 -0.087297 -0.192664 0.157617 0.140829 0.373228 0.434173 0.239143 0.187964 -0.170173 -0.103136 -0.166538 0.094044 -0.258561 -0.132060 0.217354 -0.116875 0.037882 -0.057307 0.067370 -0.036704 -0.075735 -0.039277 -0.114873 -0.031471 0.067253 -0.154489 0.039436 0.022995 -0.052050 0.125897 0.359382 -0.008713 0.023922 0.087417 -0.040986 -0.025422 0.097650 0.138220 0.031842 0.211268 -0.038676 0.139982 0.298572 0.229996 0.291395 0.149874 -0.119447 0.011774 -0.019618 0.200464 -0.108585 -0.223700 -0.050505 -0.133311 -0.057845 -0.001096 0.349095 0.120498 0.119171 -0.131284 -0.024175 -0.029003 -0.117926 -0.178319 -0.090373 -0.086350 -0.397771 -0.117714 0.153797 -0.040904 -0.050556 -0.022543 -0.041266 -0.170203 0.017066 -0.084781 -0.013507 0.315779 0.015465 -0.037705 -0.085675 0.000573 0.092207 0.030911 -0.059995 -0.159156 0.155636 0.193877 0.315462 0.322533 0.222628 -0.101190 -0.295862 0.091465 0.043574 0.004959 -0.061225 0.008875 -0.002267 0.035384 0.080657 0.106313 -0.138732 0.351774 0.190578 -0.116574 -0.008404 0.013224 -0.097796 -0.067098 -0.040745 -0.242866 -0.017911 0.419682 0.137268 0.161137 0.264699 0.024866 -0.085300
Pesos Neuronio 23: -0.011897 0.019882 -0.018018 0.300549 0.000503 -0.029612 0.071049 0.134628 -0.083060 -0.140554 -0.058734 -0.055711 -0.219287 0.015558 0.248988 0.379239 0.030534 -0.322874 -0.059934 0.010308 -0.016624 -0.107951 -0.009795 -0.068903 -0.155118 -0.210282 -0.194134 0.199431 -0.020119 -0.135585 0.102574 0.268242 0.178220 -0.084656 -0.081235 -0.012588 -0.108513 0.016393 0.016647 0.006378 -0.157766 -0.120429 0.209104 0.102724 0.226815 0.166219 0.111362 -0.029361 -0.010307 -0.147203 -0.202689 -0.212383 -0.168031 -0.198054 0.002809 -0.078156 -0.160602 0.102764 -0.085011 -0.022564 -0.053761 -0.159723 -0.352758 0.127439 0.162259 -0.002578 -0.034604 -0.032495 -0.147613 -0.001387 -0.062610 0.093652 0.036085 -0.027457 -0.177988 0.169438 0.039983 0.113116 0.051722 -0.039867 -0.217527 -0.141935 -0.059858 -0.048212 0.023384 0.037359 -0.138004 0.074063 -0.292471 0.220616 0.214881 0.041341 -0.175877 -0.224994 0.068918 -0.040866 0.082560 0.133889 0.169531 0.121573 -0.198516 -0.146445 0.088020 0.012772 0.492573 0.080489 0.187473 -0.074711 -0.011541 0.068257 0.248421 0.143272 -0.114287 -0.052721 0.049704 0.377453 0.388130 0.234037 0.104095 0.011064
Pesos Neuronio 24: -0.274561 -0.186741 -0.383938 -0.231202 -0.165798 0.203455 0.015557 -0.282811 0.042395 0.028963 -0.015923 0.025965 0.045653 -0.066291 -0.087942 0.125066 -0.284691 0.055826 0.038957 -0.003912 -0.091568 0.085569 0.043199 0.007639 0.050211 0.102719 -0.122404 0.029236 0.354298 -0.004737 0.151681 0.417428 0.113715 0.219579 0.080495 -0.058465 0.154145 0.007320 0.040275 0.230903 0.378090 -0.254064 -0.097146 0.096028 0.299024 0.261672 0.055670 -0.316324 0.076930 0.198627 0.301044 -0.427932 0.025246 0.378355 0.181494 -0.014440 0.100680 0.170595 0.071407 -0.048440 0.067401 0.134487 0.112039 -0.067385 -0.064886 0.310232 0.171714 -0.185739 -0.099026 0.051476 -0.030364 -0.051534 -0.013876 0.278282 0.159100 -0.220868 0.050741 0.087337 0.431538 0.040829 -0.140089 -0.021810 -0.070445 -0.043687 0.027781 0.242591 0.321810 0.254198 0.286793 0.104375 0.127237 0.306988 -0.034348 0.129181 -0.042364 -0.119049 -0.041204 -0.015883 -0.408398 -0.108293 -0.235149 -0.266872 0.193305 0.253416 0.188253 0.196387 -0.150735 -0.077478 0.135901 0.051855 -0.273718 -0.126434 -0.196861 -0.370511 0.046186 0.196205 0.092423 -0.083566 0.047758 -0.103601
Pesos Neuronio 25: 0.271900 0.223563 0.369311 0.109715 -0.114467 -0.261840 -0.172721 0.165616 -0.143286 -0.157712 0.190073 0.070782 -0.042677 0.088340 0.386318 0.273888 0.291124 -0.019911 0.043131 -0.092651 -0.160427 -0.140524 0.016213 0.067971 -0.076989 -0.074648 0.179940 0.110055 0.104469 0.294117 -0.189196 -0.177138 -0.085462 -0.010783 -0.042852 0.072929 0.052395 -0.036688 -0.177180 0.173025 0.004236 -0.034246 -0.108843 -0.028029 0.071427 0.115196 0.043451 0.345958 -0.000233 -0.290962 -0.323493 0.110512 -0.265964 0.040705 -0.368998 0.103489 0.260461 0.092290 0.154066 0.062543 0.020128 -0.296209 -0.289534 0.278885 -0.093398 -0.286794 -0.087273 0.035369 0.293855 0.026343 0.079062 0.086552 -0.067450 -0.267847 -0.020936 0.144556 -0.148020 -0.236593 -0.065848 0.107881 0.156507 0.134713 0.044250 -0.015509 0.076960 -0.103265 -0.213734 -0.138127 -0.247504 -0.183332 0.244318 0.389037 0.211031 0.092070 0.011467 0.164787 0.148954 0.426247 0.488344 0.218194 -0.160948 -0.204538 -0.143160 0.332143 0.010079 -0.131834 0.035712 0.072300 -0.032811 0.065203 0.436159 0.111363 -0.049140 -0.276687 -0.260770 -0.040592 0.072439 -0.139820 -0.081944 0.106560
Pesos Neuronio 26: -0.031315 -0.056256 0.058526 0.043741 0.164781 0.122942 0.159275 -0.021585 -0.058844 -0.153140 -0.191476 -0.176895 -0.181185 0.074439 -0.080534 -0.012569 0.216712 0.388435 0.289183 0.247706 -0.190414 -0.293397 -0.119739 -0.156124 -0.029417 0.072353 -0.047838 -0.103282 0.397600 0.282219 0.325132 0.304147 0.156263 -0.072589 0.007919 -0.128290 0.075937 -0.140171 -0.105520 0.292842 0.064536 -0.242603 0.053327 0.594659 0.257566 0.347312 0.062044 0.028281 0.096332 -0.086464 -0.140754 0.213030 -0.158334 -0.123416 -0.202287 -0.026733 0.299629 0.205193 0.171133 0.062854 0.000914 0.034857 -0.097201 0.199139 -0.279410 -0.175802 -0.319953 -0.346885 0.186024 0.024097 0.062366 0.069946 0.043307 0.119997 -0.260048 -0.185113 -0.313425 0.010326 -0.164758 -0.176678 -0.056121 0.235578 0.186731 -0.058123 0.103658 -0.055647 -0.216914 -0.316756 -0.330597 -0.063887 -0.094138 0.182854 -0.083425 0.202844 -0.008438 -0.027810 -0.068549 -0.056766 -0.047607 -0.209572 -0.320469 -0.050266 -0.066097 0.206595 -0.148031 -0.389095 0.026124 0.032135 0.110932 0.044238 0.241382 0.200978 0.437000 0.135692 -0.410070 -0.362117 -0.506550 -0.253911 -0.000735 0.049969
Pesos Neuronio 27: -0.136150 0.021455 -0.185080 -0.158540 -0.035308 -0.142886 -0.123352 -0.200611 0.048758 -0.053644 0.028945 -0.084715 -0.039275 -0.228829 -0.282772 0.071922 -0.194371 -0.215257 -0.154323 0.148802 -0.004196 -0.016757 0.093492 0.004826 -0.057553 0.077414 -0.081579 -0.027643 0.418924 0.033440 -0.099547 0.224786 0.093437 0.195736 0.110457 -0.050134 0.050462 -0.083966 -0.088253 0.220547 0.207711 -0.287291 -0.260056 0.241154 0.268692 0.354852 0.103851 -0.145516 0.058529 0.171420 0.240982 0.124965 0.081915 0.427175 -0.072190 0.281415 0.359864 0.247489 0.006712 0.054260 0.089684 0.140301 0.242859 -0.069026 -0.378214 -0.002824 -0.085015 0.038414 0.304302 0.287635 0.046767 -0.011632 0.039473 0.202884 -0.024863 -0.204552 -0.333524 -0.047312 0.015840 0.083794 0.071124 0.346528 0.145376 0.023705 0.106470 0.054837 -0.014560 -0.016915 -0.127229 -0.092991 -0.299145 0.134662 0.045632 0.322013 0.096916 0.129807 -0.025080 0.030201 -0.574227 -0.333076 -0.248652 -0.245772 -0.172091 -0.011425 0.083241 -0.004598 0.185232 -0.033833 0.184046 -0.080219 -0.362557 -0.185412 -0.048666 -0.322460 -0.426113 -0.105282 -0.046122 -0.014348 0.231382 0.095510
Pesos Neuronio 28: -0.096945 0.221063 -0.057624 0.284448 -0.110244 0.142674 -0.064738 -0.154076 -0.053055 0.014500 -0.119820 -0.126104 -0.040284 0.190851 0.310102 -0.077217 0.114270 -0.137535 0.211725 -0.122682 -0.050271 -0.062344 0.074557 -0.136731 -0.103578 -0.052325 -0.020896 -0.173289 0.082304 0.007266 0.117905 0.005136 0.117836 -0.063357 0.116531 -0.030940 -0.129112 0.062082 0.273367 0.102080 -0.481699 -0.698922 -0.353885 0.267478 0.340263 -0.033064 0.131599 -0.101874 -0.109313 -0.038205 -0.039072 -0.070839 0.398382 -0.165013 0.475416 0.204613 0.056414 -0.071003 -0.063307 0.117012 -0.151933 -0.151396 0.178476 0.298466 0.236747 -0.302241 0.155382 0.230318 -0.100709 -0.079471 -0.105479 0.115747 -0.007651 0.260795 -0.054405 -0.144773 0.136146 0.004377 -0.132465 -0.002523 -0.459698 -0.265424 -0.068477 0.076416 -0.042026 -0.165668 -0.293991 -0.090202 -0.240211 0.236802 0.065361 0.050705 -0.013348 -0.088633 0.114445 -0.013723 -0.081763 0.021839 -0.432001 -0.332431 0.065482 0.038608 -0.033669 0.211344 0.484082 0.410011 0.259150 0.136590 -0.195148 0.177740 -0.391755 -0.155957 -0.071924 -0.468647 -0.215350 0.459102 0.556221 0.231720 0.150759 0.135868
Pesos Neuronio 29: 0.121209 0.158003 -0.007250 0.388872 -0.055147 0.035598 0.034905 0.140930 0.016101 0.060543 0.060135 0.067360 -0.101818 0.022038 0.480207 0.417162 0.137585 0.141629 -0.040116 -0.267936 0.111968 -0.092831 -0.258554 0.051659 -0.125634 -0.089650 0.098076 0.067666 0.179616 0.267381 -0.426158 -0.103794 -0.036922 -0.148365 -0.073607 0.152334 -0.054472 0.016308 -0.293462 0.010907 -0.107624 -0.005193 -0.066961 -0.287695 0.050075 -0.011842 -0.027539 0.136398 -0.114655 0.090243 -0.114536 -0.302689 -0.086456 0.204263 -0.100051 -0.470704 -0.059389 -0.049252 -0.050016 0.240714 -0.287917 -0.292849 -0.121732 -0.320141 -0.186618 -0.091628 0.124506 -0.151444 -0.138428 -0.080519 0.038241 0.037916 -0.123092 -0.164868 -0.125737 -0.212470 -0.368220 0.002496 0.672403 0.336641 -0.346992 -0.122171 -0.078046 0.092512 0.136767 -0.471112 -0.344536 -0.011021 -0.024304 0.006909 0.487936 0.498693 0.048466 -0.110064 -0.029906 0.098282 -0.080924 -0.154684 -0.065757 -0.023335 0.032850 -0.076621 -0.129286 0.617164 0.292073 0.115225 0.054500 0.049067 -0.118790 -0.195965 -0.176023 -0.313874 -0.320833 -0.494333 0.097526 0.427403 0.678057 0.206171 -0.097474 0.031253
Pesos Neuronio 30: -0.279814 -0.250601 -0.290998 -0.207607 0.067288 -0.029490 -0.310969 -0.550343 0.115314 0.126751 -0.001366 -0.057640 -0.018158 -0.008371 -0.337075 -0.440832 -0.072788 -0.153871 0.190068 0.183386 -0.104815 -0.138417 0.175669 -0.008347 -0.023094 -0.041853 -0.010528 -0.211466 -0.239814 -0.327709 0.102978 0.321442 0.436059 0.270952 -0.045302 -0.137164 0.120304 -0.249069 -0.197598 -0.012264 -0.215407 -0.383221 -0.047495 0.056184 0.051652 0.022164 -0.121213 -0.143221 -0.065368 0.001631 -0.050466 -0.230664 0.186848 0.191350 0.543166 0.361014 0.036774 -0.247332 -0.067525 0.050912 0.170238 0.226685 0.152809 -0.077552 0.427373 0.327180 0.047551 0.314710 -0.270324 -0.090622 -0.018157 -0.088785 -0.105117 0.278837 0.173221 -0.148696 0.428683 0.163106 -0.424626 0.022616 -0.172915 0.041003 -0.011250 -0.016114 -0.095872 0.346378 0.371399 0.095547 0.094132 -0.126706 -0.597582 -0.319237 -0.081288 0.072945 -0.026016 -0.007076 0.013402 -0.087443 -0.291371 0.054792 -0.128347 -0.322467 -0.006662 -0.221608 0.373716 0.511873 0.179678 -0.116997 0.083008 0.216900 -0.144923 -0.291837 0.284176 -0.175459 -0.286337 -0.084529 -0.093698 -0.237450 -0.003709 -0.059168
Pesos Neuronio 31: -0.034560 -0.167450 -0.203575 0.373598 -0.095158 0.068289 0.395464 0.242111 0.030775 -0.137807 0.032249 -0.078027 -0.162273 -0.211994 -0.031190 0.322902 -0.015087 -0.334011 -0.367718 -0.159688 -0.102191 0.080437 0.034193 -0.035656 -0.089734 0.038462 -0.230307 -0.022644 -0.110184 -0.215230 0.012993 0.015718 0.036133 -0.020129 0.235970 -0.031859 -0.233011 0.131670 0.220661 -0.211869 -0.411175 -0.426408 0.043968 0.212606 0.067520 0.210359 0.107354 0.064514 -0.202040 0.047734 0.001804 -0.199553 0.026605 -0.179085 0.104643 0.065444 0.040825 0.131286 0.088081 0.048962 -0.048018 -0.131286 0.042095 -0.004219 0.040562 -0.117763 -0.204430 0.171235 -0.074799 0.053533 -0.104023 0.063664 0.099586 0.041920 -0.251902 0.103936 -0.156250 0.129692 -0.058067 -0.010411 0.007931 -0.153312 -0.089317 0.024869 -0.052609 0.068545 -0.238372 -0.114711 -0.162514 0.178241 0.079710 -0.093874 0.062052 -0.285338 0.092734 0.003680 0.031840 -0.117787 -0.081503 -0.482364 -0.126120 0.156917 -0.117399 -0.223804 0.322019 0.353316 0.194850 0.097382 -0.027291 0.121324 -0.180049 -0.157138 -0.328415 0.011425 0.317920 0.497647 0.462443 0.414336 0.167587 0.015934
Pesos Neuronio 32: -0.016975 0.013131 0.099709 0.137291 0.353281 0.076186 0.129980 -0.151638 0.102543 -0.141714 -0.031136 -0.041219 -0.126391 -0.055634 0.135652 -0.036719 0.461491 0.519682 0.498973 0.250185 -0.184858 -0.404153 -0.081553 0.041982 0.103480 -0.236780 0.131034 -0.369129 0.024892 0.160263 0.026061 -0.017003 0.239447 -0.202941 0.014557 0.110372 0.181497 -0.189403 -0.243854 -0.076128 -0.838931 -0.562717 -0.183549 0.350230 0.086782 0.398184 0.103066 0.116521 0.186999 -0.230203 -0.131248 0.035970 -0.032712 -0.260189 -0.126827 0.177876 0.273390 0.168337 0.161669 0.248456 0.122845 -0.159687 -0.092662 0.278047 -0.007663 -0.153474 -0.356533 0.389133 0.086736 -0.109817 0.108152 0.071387 0.021406 -0.039797 -0.020703 0.076146 0.046628 -0.185348 -0.420545 -0.073802 -0.283733 0.025797 0.229235 0.183153 0.108630 -0.030193 0.103315 -0.357333 -0.434272 -0.535090 -0.565908 -0.111173 -0.051755 0.176677 -0.018812 0.091180 -0.064075 -0.302833 -0.119321 0.150478 -0.482694 -0.460998 -0.192882 0.131852 -0.293973 -0.342623 0.307649 0.197602 -0.030585 0.059961 0.008396 0.262831 0.383444 -0.473498 -0.620358 -0.183997 -0.211446 -0.489784 0.077516 0.204905
Pesos Neuronio 33: 0.048459 0.108407 0.326297 0.029396 0.044508 -0.032188 -0.229710 -0.145037 -0.063679 0.003005 0.132424 -0.016042 -0.038704 0.145510 0.457241 0.250701 0.243949 0.024593 0.201647 0.035314 -0.097170 -0.097853 0.023937 0.039695 -0.154652 0.030122 0.179088 0.103452 0.040692 0.111045 -0.111039 0.047564 0.215036 -0.057017 -0.008372 -0.023353 0.053348 -0.181543 -0.092014 0.303908 -0.000790 -0.288573 -0.157170 0.210536 0.234268 0.025746 0.019541 0.087984 0.108771 -0.163294 -0.196074 -0.043518 -0.075110 0.067075 -0.083703 -0.005971 0.302486 0.011410 -0.097699 0.104852 -0.023474 -0.185956 -0.220186 0.196580 -0.062280 -0.133673 -0.009576 -0.042092 0.179469 0.049223 -0.005307 0.088992 -0.045222 -0.170696 0.066745 -0.116460 -0.113599 -0.002932 0.051702 -0.039425 -0.189155 0.080465 0.196793 -0.017168 0.073505 -0.018662 -0.107538 -0.155271 -0.310596 -0.228789 -0.027537 0.180924 0.026002 0.136385 0.121861 0.067023 0.178718 0.325546 0.093589 0.202774 -0.356384 -0.439307 0.034432 0.247267 0.024117 -0.026973 0.041385 -0.087967 0.007056 0.033969 0.133617 0.016465 -0.067251 -0.382600 -0.568831 -0.244228 -0.060626 -0.203737 -0.023486 0.028082
Pesos Neuronio 34: 0.175501 0.058682 0.079435 -0.330061 -0.257522 -0.288699 -0.281433 -0.050623 -0.078237 0.224096 0.151795 0.092449 0.003282 -0.206825 0.141888 0.429376 0.020258 -0.589182 -0.622762 0.033362 0.277325 -0.033533 -0.229192 0.190776 -0.075319 0.070517 0.021508 0.414201 0.186184 0.037454 -0.535243 -0.133388 -0.123257 -0.089984 -0.035931 0.209874 -0.017250 0.027212 -0.242493 0.071021 0.558608 0.271866 0.112765 -0.370550 -0.270705 0.201469 -0.055204 0.221555 -0.029323 0.001523 -0.088242 -0.199193 -0.397312 0.673755 -0.590939 -0.466558 -0.216451 -0.286437 -0.000988 0.087673 -0.067966 -0.266086 -0.153372 -0.525817 -0.109448 0.179638 -0.396432 -0.238563 0.252632 0.029407 0.094065 0.158616 0.151211 -0.445390 0.326767 0.018460 -0.519421 0.000446 0.024887 0.313862 0.372954 -0.062246 -0.122540 0.082419 0.201644 -0.141644 -0.156518 0.261615 0.254581 -0.044227 0.089026 0.447457 0.237292 -0.291536 0.061134 0.145484 0.356980 0.231564 0.230059 0.040080 -0.375879 -0.038339 0.442380 0.376612 0.279655 0.064347 0.116588 0.132250 0.379050 -0.022924 0.350345 -0.084908 -0.191722 -0.187986 0.368246 0.084606 0.367363 0.342665 -0.059391 0.225814
Pesos Neuronio 35: -0.122550 -0.052211 -0.297475 0.035373 0.003935 0.404086 0.216346 0.045505 0.181177 -0.061868 -0.102435 -0.225476 -0.232766 -0.157027 -0.005737 0.368974 -0.162068 0.179109 0.129423 0.225554 0.094369 -0.029006 -0.177506 -0.209991 -0.049994 0.108586 -0.039001 -0.242054 0.640387 0.272541 0.052731 0.416964 0.124279 0.151656 -0.069825 -0.104614 -0.025403 0.001180 0.148053 0.287733 0.233567 -0.468120 -0.319913 0.399347 0.407886 0.223552 -0.125881 -0.110677 -0.002461 0.252477 0.147022 -0.163545 0.005177 0.155692 -0.004282 0.090736 0.157726 0.254584 -0.046917 0.029300 -0.018647 0.338373 0.154248 -0.059297 -0.148852 -0.267396 0.041118 -0.055387 -0.050239 0.201209 -0.044276 0.039736 -0.036226 0.252644 -0.130364 -0.381903 -0.077724 -0.023342 0.371977 0.152114 -0.068339 0.191603 -0.038287 -0.043842 -0.011274 -0.041810 -0.116367 0.286211 0.187030 0.436110 0.070414 0.426709 0.035797 -0.055615 0.019845 0.055810 -0.186260 -0.091645 -0.592224 -0.361682 0.012892 0.191574 -0.029797 0.371470 0.354203 0.135625 -0.044841 0.071091 0.007545 -0.122487 -0.428937 -0.291084 -0.126873 -0.173710 -0.022934 0.392512 0.317410 0.163438 0.121891 0.132388
Pesos Neuronio 36: -0.129234 -0.171555 -0.059445 -0.277049 0.244101 -0.000194 0.161685 0.028169 0.181004 -0.061251 -0.198983 -0.165832 -0.125712 -0.117205 -0.252360 -0.099897 -0.155889 0.063068 0.160744 0.410359 -0.233028 0.070346 0.005024 -0.061943 0.034298 0.063785 0.078213 -0.307488 0.214925 -0.097294 0.363285 0.403151 -0.030366 0.178316 0.063527 -0.013944 0.064171 0.004093 0.113867 0.015098 0.247961 -0.067035 0.024489 0.486163 -0.116780 0.289806 0.060082 0.044627 0.037439 -0.054469 0.149702 0.200429 -0.125382 -0.052817 -0.140434 0.274439 0.076256 0.219594 0.087232 0.106544 0.277509 0.356013 0.062691 -0.096829 -0.320816 0.061659 -0.398153 -0.084780 0.059389 -0.000343 0.007990 -0.038807 -0.002185 0.077685 -0.034849 -0.253347 -0.117005 0.101381 -0.363491 -0.000172 0.218668 0.305614 0.316846 -0.026177 -0.003880 0.138633 -0.033446 -0.164987 0.036481 -0.033764 -0.348799 -0.142791 -0.134366 0.310730 0.066338 0.042308 -0.096579 -0.118359 -0.248453 -0.254922 -0.034377 0.114116 -0.058965 -0.316666 -0.330767 -0.095950 -0.037998 0.107445 0.176968 -0.070153 -0.146507 -0.053426 0.332913 0.328851 -0.405505 -0.397341 -0.802206 -0.232250 0.108486 0.152362
Pesos Neuronio 37: 0.092231 0.287121 0.339532 0.152566 -0.098940 -0.119303 -0.282487 -0.009380 -0.158712 0.034918 0.094390 -0.035847 -0.157657 0.030291 0.288031 0.449959 0.260146 -0.187445 0.053556 -0.133917 -0.069964 0.140908 0.017036 -0.015135 -0.114134 -0.046599 0.205065 0.367102 0.277718 0.142265 -0.109191 0.135134 0.096626 0.165546 -0.046305 -0.022163 -0.150576 -0.086602 -0.175299 0.078875 0.666159 -0.042478 0.050672 0.043477 0.121952 0.041727 -0.051820 0.149557 -0.000978 -0.190946 -0.306413 -0.235146 -0.257346 0.018313 -0.320508 -0.115289 -0.008606 0.074642 0.068291 0.099794 0.005940 -0.223392 -0.522727 -0.079014 0.066466 -0.062636 -0.122325 -0.185954 0.094234 -0.127684 0.139128 0.134443 0.023015 -0.436782 -0.188388 -0.103015 -0.185627 0.130589 0.180321 -0.045323 0.018409 -0.027660 -0.019401 0.029241 -0.013614 -0.079878 -0.284260 0.030572 -0.058847 0.181365 0.022700 0.474360 0.040653 -0.038049 0.096692 0.078639 0.286643 0.492890 0.480920 0.148808 -0.325744 -0.174024 -0.059469 0.000139 0.188885 -0.074082 0.061741 0.013738 0.093961 0.370548 0.405114 -0.001955 -0.126145 -0.083777 -0.223843 -0.424044 -0.112596 -0.060306 0.025277 -0.036179
Pesos Neuronio 38: 0.021390 0.003299 0.146717 -0.022598 0.331452 0.177683 0.008383 -0.097556 0.095077 -0.144428 0.160445 0.048214 0.032638 0.053116 -0.054858 -0.091400 0.169129 0.449314 0.398903 0.126628 -0.238214 -0.299555 -0.100646 0.095475 0.154058 0.142276 -0.092736 -0.112822 0.218783 0.244108 0.014397 0.307284 0.030398 0.105097 0.009178 0.066844 0.183934 -0.064333 -0.426172 -0.181282 -0.161680 -0.046002 -0.024766 0.175893 -0.021682 0.231113 0.002455 0.039229 0.159939 0.000299 -0.099971 -0.144226 -0.243350 0.154387 -0.071538 -0.238801 0.031278 0.110870 0.081392 0.085335 0.054319 0.111668 -0.028456 -0.066933 -0.284099 -0.046244 -0.072015 -0.315777 -0.026519 0.023831 0.033454 0.129518 0.033327 -0.021410 0.164761 -0.049696 -0.004754 -0.287271 0.062069 -0.055837 -0.303978 0.086624 0.197646 0.139314 -0.014760 -0.054507 0.079890 -0.032946 0.063805 -0.281626 -0.018922 0.255382 -0.162859 0.120176 -0.060815 0.073179 0.068073 -0.179515 -0.201986 0.288059 -0.125717 -0.390110 -0.054543 0.479512 -0.120923 -0.243842 -0.005881 0.058139 -0.119343 -0.156797 0.058197 -0.047592 0.270727 -0.264128 -0.378671 -0.193903 -0.379536 -0.479765 -0.101753 0.045471
Pesos Neuronio 39: 0.100603 0.132346 0.265192 0.470773 -0.145038 -0.030098 -0.050889 0.116591 -0.033045 0.049652 0.061663 -0.019459 -0.034599 0.021742 0.546002 0.490430 0.166286 -0.405088 -0.226028 -0.331431 0.219921 -0.166457 -0.204895 0.032118 -0.079053 -0.209017 0.234353 0.311434 -0.027657 0.183125 -0.377637 -0.297666 -0.234533 -0.210398 0.056600 -0.030317 -0.206849 0.118389 -0.200583 -0.005271 -0.301094 -0.175903 -0.125814 -0.455348 0.030429 0.113847 -0.093725 0.232781 -0.115736 -0.048907 -0.102495 -0.172301 -0.209421 0.192678 -0.298539 -0.344294 0.110352 0.054106 0.065279 0.208057 -0.147671 -0.476760 -0.264040 -0.118146 -0.035538 0.035408 -0.095210 -0.049871 0.036283 -0.113383 -0.004908 0.137071 0.039994 -0.349591 -0.077918 0.042423 -0.281824 -0.230771 0.396812 0.216326 -0.252148 -0.294163 -0.065214 0.093536 0.034503 -0.322415 -0.213510 -0.050276 -0.228936 -0.266894 0.398110 0.492643 0.051973 -0.231974 -0.102245 0.019666 0.216058 0.236824 0.414122 0.190443 -0.236402 -0.320972 0.102795 0.457947 0.188667 0.081773 0.120014 0.076194 -0.082191 -0.112840 0.197706 0.108946 -0.475375 -0.583881 0.273909 0.267863 0.612277 0.337429 -0.086249 0.071209
Pesos Neuronio 40: -0.104137 0.004743 -0.236843 0.043504 0.074280 0.165840 0.315955 -0.100920 0.075438 -0.217172 -0.065200 0.187114 0.137313 0.053204 -0.063970 -0.088437 -0.068761 0.270595 0.311332 0.011062 -0.039414 -0.219739 -0.095908 0.156066 0.041132 0.080835 -0.078519 -0.161825 -0.138310 0.030892 -0.193069 -0.001836 0.117182 -0.049559 0.079890 0.014891 0.197027 0.156873 -0.067531 -0.252424 -0.481580 -0.242304 -0.089034 -0.061900 0.073945 0.267412 0.074709 -0.022841 0.073653 0.229981 0.122754 -0.196666 0.165955 0.058138 0.028224 -0.156439 -0.013478 0.155170 0.171916 0.127101 -0.021199 0.082061 0.168712 -0.104465 -0.220771 0.085557 -0.052234 0.002405 -0.028398 0.068770 -0.120539 0.042111 0.030795 0.222773 0.157525 -0.025811 0.102625 -0.184422 0.355763 0.246139 -0.265895 0.185588 -0.013984 -0.002769 -0.095078 0.069331 0.031466 0.074897 0.301129 -0.303122 0.325178 0.173710 0.095014 -0.166145 -0.169445 -0.006982 -0.183852 -0.411545 -0.337850 0.078442 0.129464 -0.032365 0.139058 0.270382 0.027584 0.006305 -0.127589 0.062161 -0.184780 -0.302240 -0.425142 -0.247461 -0.223804 -0.435335 0.097635 0.397354 0.226609 -0.033241 -0.194946 -0.010324
Pesos Neuronio 41: -0.017846 0.230336 0.112889 0.232144 0.072978 0.242953 0.100804 0.288939 -0.062205 -0.112981 -0.127242 -0.056312 -0.269941 -0.021383 0.410115 0.552174 0.168024 0.131279 0.202838 0.128704 -0.162402 -0.186557 -0.216156 -0.209773 -0.205945 -0.072412 0.131525 0.140221 0.563618 0.326611 0.010384 0.006275 -0.103405 0.116509 -0.189022 -0.092954 -0.230852 -0.083511 -0.050096 0.053620 0.475273 -0.117825 0.014731 0.262199 0.166918 0.230254 -0.231690 0.136809 -0.148593 -0.172374 -0.430067 -0.410926 -0.299248 -0.250410 -0.467958 -0.105552 -0.034409 0.296617 -0.034102 0.086303 -0.100008 -0.182895 -0.431661 -0.153641 -0.182797 -0.262393 -0.068080 -0.166539 -0.057318 0.054535 -0.003475 0.093319 0.094330 -0.266584 -0.196312 -0.298342 -0.190301 0.169685 0.257064 0.071251 -0.138078 -0.170377 -0.009409 0.047634 0.126342 -0.268770 -0.135140 0.082794 -0.226461 0.311655 0.280525 0.618824 0.084908 -0.052321 0.007989 0.102426 0.175977 0.305155 0.183106 -0.040394 -0.456711 -0.115503 0.014752 0.359712 0.519224 0.222907 0.073432 0.082035 0.042408 0.081003 0.216557 -0.212574 -0.162145 -0.288684 -0.144901 -0.015848 0.321248 0.014189 0.106631 0.037530
Pesos Neuronio 42: 0.181339 0.009674 0.231601 0.106333 0.048938 -0.108303 0.188886 0.223055 -0.170537 -0.309989 0.181196 0.168740 0.304609 0.222416 0.014182 0.027062 0.188800 0.220980 0.134377 -0.155741 -0.277832 -0.272202 0.104393 0.069427 0.220710 0.225168 0.092671 -0.081923 -0.121959 -0.030329 -0.042015 -0.031321 -0.103457 -0.193298 0.116938 0.174107 0.164989 -0.013848 -0.083269 -0.096501 -0.136095 0.152824 0.109440 0.145705 -0.122666 0.104377 0.306437 0.307418 0.090961 -0.173692 -0.116658 0.088871 -0.421166 -0.106424 -0.379334 -0.076911 0.238221 0.110413 0.181576 0.022954 0.074260 -0.234215 -0.188099 0.260395 -0.232701 -0.164864 -0.246812 -0.292491 0.277257 0.172470 0.119321 0.017821 0.040810 -0.257799 -0.151669 0.414805 -0.035881 -0.412888 -0.211002 0.052682 0.254543 0.205493 0.207598 0.056829 -0.026696 -0.149307 -0.103789 -0.127671 -0.088630 -0.194590 0.303277 0.133186 0.219470 0.107261 -0.015565 0.007465 0.056233 0.197493 0.517524 0.465397 0.108156 -0.245371 -0.026677 0.033254 -0.199526 -0.309060 -0.050163 -0.017374 0.039058 -0.160909 0.370051 0.269363 0.081816 -0.038295 -0.041401 -0.226798 -0.335309 -0.282935 -0.075407 -0.040446
Pesos Neuronio 43: -0.149823 0.119379 0.169881 0.337241 0.112568 0.291056 0.028981 -0.131127 0.091848 -0.050735 0.122611 0.163639 0.262069 -0.024131 0.249788 -0.077907 -0.125221 0.224520 0.394689 -0.294003 -0.051495 -0.269686 0.020032 0.185391 0.221394 0.057927 -0.054082 -0.176152 -0.272036 0.062285 0.029950 0.167027 -0.078733 0.044092 0.001615 0.117059 0.128283 -0.092366 -0.362582 -0.351855 -0.152278 0.044334 0.073686 -0.059828 0.146777 0.121107 -0.009515 -0.130741 0.111145 -0.083193 -0.337878 -0.593677 0.300998 -0.072221 0.342129 -0.208906 -0.187443 -0.100952 0.053218 0.141857 -0.001713 0.061394 -0.245023 0.044668 0.045874 -0.145731 0.233640 -0.110419 -0.473292 -0.221730 0.082001 0.075465 -0.028966 0.130889 0.031900 0.227229 0.212135 -0.079212 0.057110 -0.129424 -0.897385 -0.415291 -0.062856 0.081122 -0.040418 0.100870 0.439157 0.251425 0.212764 0.269503 0.083423 0.059698 -0.347027 -0.074654 0.005405 0.058717 -0.035375 0.121716 -0.030784 0.192544 -0.297402 -0.413703 0.230495 0.306924 0.442690 0.168361 -0.059335 0.089881 -0.150816 0.172960 -0.155727 0.027249 -0.188969 -0.694047 -0.073621 0.209848 0.463807 -0.115489 0.015968 0.001099
Pesos Neuronio 44: 0.043482 0.063196 0.004458 0.048311 0.173739 -0.015576 0.357269 0.169522 -0.132069 -0.345130 0.021408 0.081555 0.090937 0.101534 0.115293 0.181739 0.153136 0.325609 0.212196 -0.054206 -0.057467 -0.487279 -0.067619 0.065144 0.031017 0.006805 0.020299 -0.193516 0.075001 0.170444 0.118738 -0.192171 0.047413 -0.220950 -0.011273 0.093744 0.066937 0.017481 -0.135028 -0.128456 -0.504759 -0.124212 0.125697 0.141211 -0.076141 0.152272 0.238981 0.248184 0.108936 -0.080502 -0.162979 0.183984 -0.121525 -0.159969 -0.417590 -0.087651 0.288396 0.203682 0.083847 0.037593 -0.014212 -0.132248 -0.091989 0.346193 -0.111120 -0.436438 -0.424412 -0.217718 0.195462 0.151356 0.070624 0.068758 0.072016 -0.209191 -0.217764 0.333132 -0.010660 -0.400773 -0.053579 0.123425 0.031724 0.193632 0.143044 -0.037180 -0.021599 -0.103428 -0.241039 -0.165773 -0.006944 -0.187807 0.314633 0.328685 0.065824 -0.045971 -0.153125 0.109276 -0.052656 -0.057415 0.170380 0.009278 -0.059443 -0.102788 0.040452 0.299860 0.044412 -0.188121 0.053389 0.056867 -0.186445 -0.184107 0.124187 0.111339 0.087119 -0.132845 -0.009982 0.072009 0.194208 -0.225668 0.057267 0.074209
Pesos Neuronio 45: 0.148647 0.205784 0.143947 0.398617 0.022572 0.070771 -0.020208 0.373808 -0.082504 -0.011330 0.084734 0.058515 -0.129245 0.062448 0.531897 0.580017 0.191720 -0.070283 -0.039988 -0.183914 0.041976 -0.099343 -0.153077 -0.025666 -0.024410 -0.047641 0.086784 0.404726 0.236007 0.321687 -0.186470 0.013830 -0.222647 -0.073409 -0.058697 -0.064336 -0.183868 0.048890 -0.085626 0.178413 0.683820 0.009235 -0.069070 -0.110088 0.250362 0.143521 -0.164467 0.183072 -0.131992 -0.078854 -0.264401 -0.494837 -0.417683 -0.013764 -0.366009 -0.164768 -0.042318 0.111103 0.100779 -0.014799 -0.231398 -0.396630 -0.271050 -0.291131 -0.131340 -0.169633 0.043613 -0.431527 -0.058533 -0.114867 0.036588 0.102492 -0.043322 -0.381321 -0.203304 -0.129582 -0.382857 0.032495 0.604727 0.080972 -0.179379 -0.324042 -0.008653 0.062501 0.152146 -0.305238 -0.206977 0.213750 0.020077 0.062132 0.452586 0.660233 -0.004559 -0.274609 0.081394 -0.002223 0.290253 0.555466 0.395211 0.033488 -0.164157 0.071409 0.321134 0.112165 0.238762 -0.103274 -0.112528 0.018216 0.071567 0.015101 0.239044 -0.004213 -0.321774 -0.120596 0.408012 -0.040281 0.417661 0.245558 -0.067716 -0.037955
Pesos Neuronio 46: 0.006517 -0.199076 -0.081767 0.167142 -0.102811 -0.006575 0.153608 -0.051134 -0.051710 -0.022203 0.263513 0.087096 0.200037 -0.126150 0.115220 0.013864 0.035927 0.094361 0.085187 -0.070327 -0.216582 -0.174893 0.048815 0.195720 0.139402 -0.015559 -0.125655 -0.123619 -0.279467 0.022897 -0.147423 -0.289232 -0.072022 -0.139014 0.101844 0.185529 0.024081 0.057849 -0.081336 -0.371776 -0.484748 0.048984 -0.008267 -0.226899 -0.064818 0.373874 0.058041 0.240855 0.047399 -0.021519 0.039486 0.062539 -0.163766 -0.006945 -0.238890 -0.156456 0.361863 0.230457 0.023232 0.091051 -0.096970 -0.141642 0.120724 0.079862 -0.289919 -0.216032 -0.360136 0.048017 0.344840 0.201035 -0.078516 0.131134 0.002961 0.040741 0.112065 0.241990 -0.212206 -0.335250 -0.197200 0.250175 0.347346 0.149281 0.053838 0.129957 -0.093306 0.073386 0.098247 -0.131019 -0.116210 -0.445642 0.013521 0.072731 0.368949 -0.115728 -0.033267 -0.022458 0.011684 -0.145394 0.274116 0.001196 -0.065823 -0.248266 0.062766 0.010001 -0.118619 -0.181303 0.020091 -0.022762 -0.082276 -0.151167 0.021204 -0.151860 -0.114492 -0.333942 0.161127 0.135803 0.133931 -0.017104 -0.064286 0.116201
Pesos Neuronio 47: -0.019518 -0.021256 -0.212443 -0.361829 -0.457304 -0.227573 -0.342480 -0.411096 -0.148982 0.188025 0.187150 0.132481 0.275953 0.024942 -0.068494 -0.019153 -0.260599 -0.474230 -0.537583 -0.192670 -0.052904 0.180662 0.240375 -0.011596 -0.028175 0.188355 -0.009095 0.219427 -0.107176 -0.363810 -0.175112 0.007664 -0.048169 0.347544 0.094212 -0.046974 0.072223 0.115946 0.079946 0.164341 0.497262 0.249962 0.124260 -0.229993 0.159822 0.057561 0.218869 -0.026425 -0.090158 0.114540 0.160847 -0.075626 0.100129 0.769581 -0.010691 -0.213366 -0.029180 -0.101873 0.082765 -0.207101 0.041917 0.238512 -0.040554 -0.099025 0.195978 0.223545 0.160556 -0.040273 0.342070 0.122178 0.113630 -0.170244 -0.090825 -0.000926 0.153459 -0.017818 -0.036119 0.151071 0.371280 0.285397 0.416064 0.274832 -0.119333 -0.128344 -0.085802 0.401654 0.071326 -0.046559 0.152703 -0.034285 0.172960 -0.062260 0.301299 0.236914 -0.017346 -0.109218 0.148891 0.371571 0.214213 0.029804 -0.298445 -0.413968 -0.094022 -0.146485 0.273483 0.306772 -0.151675 -0.220724 0.147490 0.110484 0.303040 0.020454 -0.255282 -0.252214 -0.093632 -0.078972 0.114584 0.182815 0.018799 -0.088393
Pesos Neuronio 48: -0.066870 -0.048079 -0.042681 0.003688 -0.034275 -0.242416 -0.245893 -0.256951 -0.379760 -0.000607 0.160759 -0.144501 -0.114482 -0.093763 -0.015359 0.253609 -0.100730 0.033541 -0.143370 0.188315 -0.048415 -0.126446 0.046105 -0.147156 -0.106215 0.116853 0.159046 -0.000691 0.175051 0.093068 -0.014141 0.125320 0.172747 0.162552 -0.008341 -0.069814 -0.058459 -0.033511 0.046954 0.421961 0.039546 -0.339194 -0.299731 0.206048 0.500153 0.368060 0.097244 0.073872 -0.093675 -0.157180 0.165498 0.305626 -0.127915 0.107481 -0.232449 0.190199 0.566767 0.410080 -0.012048 0.128888 0.033049 0.118364 0.149928 0.149550 -0.162983 -0.322318 -0.208710 -0.086735 0.625081 0.442908 0.046551 0.109841 -0.032705 0.073954 -0.092238 -0.320342 -0.306186 -0.241145 -0.219979 -0.031026 0.337827 0.352026 0.146788 -0.112101 0.034040 0.040879 -0.059251 -0.100420 -0.374109 -0.168800 -0.128435 0.268812 0.189511 0.295517 0.172868 -0.006848 0.029220 0.276778 -0.056339 -0.127671 -0.224210 -0.361220 -0.131319 0.280811 0.189980 0.109182 0.079377 0.023653 -0.080818 -0.038714 -0.059287 0.096367 0.144319 -0.048141 -0.239593 -0.112775 -0.124055 -0.259159 0.180839 0.089471
Pesos Neuronio 49: -0.010523 0.001741 0.036377 -0.001442 -0.286592 -0.298757 -0.516970 -0.359090 -0.110255 0.168824 0.199180 0.131103 0.279480 -0.010275 0.050051 0.076113 -0.223360 -0.511127 -0.302147 -0.230996 0.146832 0.035877 0.025782 0.197030 -0.019542 0.085472 0.056059 0.238451 -0.070513 -0.025169 -0.225957 -0.068099 -0.008512 0.196155 0.087012 0.174998 0.227952 0.171030 -0.279450 -0.083647 0.430683 0.066704 -0.086044 -0.360191 -0.145830 0.016540 -0.044155 0.108119 0.148264 0.273340 -0.125593 -0.358219 -0.025443 0.692595 -0.225191 -0.220925 -0.150055 -0.238657 -0.026476 0.008616 -0.003270 0.126828 -0.198645 -0.356240 -0.154114 0.410107 0.157958 0.037883 -0.082800 -0.070878 -0.056258 -0.064911 0.060120 0.002432 0.228614 -0.141379 -0.112816 -0.153613 0.317473 0.144976 -0.093325 0.077587 0.109115 0.072879 0.070225 0.474972 0.339628 -0.030984 0.070706 -0.383626 -0.172176 0.068913 0.041321 0.058768 -0.053044 -0.063966 0.013873 0.378488 0.166624 0.234701 -0.190367 -0.451093 0.034760 0.056033 0.084235 0.080116 -0.097352 -0.002383 0.232927 0.137695 -0.001977 -0.058390 0.056204 -0.052138 0.213726 0.165474 -0.049947 -0.104047 -0.039413 0.063014
Pesos Neuronio 50: -0.022521 -0.167756 -0.172847 -0.343721 -0.139096 -0.173024 -0.260575 -0.407676 0.112020 0.273827 0.044868 -0.041849 -0.016899 -0.049502 -0.363883 0.092830 -0.087300 -0.378119 -0.412189 0.183260 0.017520 0.192709 0.099721 -0.044050 0.070385 -0.013926 -0.097143 0.055972 0.210770 0.036918 -0.130120 0.128052 0.012713 0.121342 0.071214 0.030176 0.075391 -0.074361 -0.198271 -0.003932 0.263576 -0.013110 -0.147135 -0.205624 0.004815 0.220591 -0.093624 -0.081323 0.001773 0.098959 0.155145 -0.053118 0.089068 0.694842 -0.012015 -0.056658 0.115129 -0.205079 -0.020872 0.026799 0.033176 0.028718 0.055774 -0.169500 -0.053757 0.187379 -0.356633 0.159288 0.230839 0.064027 -0.141516 0.162486 0.073865 0.101046 0.205684 -0.139542 -0.313439 -0.010799 -0.085305 0.006535 0.261860 0.205337 0.108593 0.116318 -0.014062 0.136792 0.265836 -0.033721 0.046726 -0.282906 -0.477220 -0.108687 0.072407 0.111273 0.183707 -0.002047 -0.021379 0.000774 -0.283452 -0.092285 -0.379632 -0.196952 0.061902 -0.059048 0.057000 0.120719 0.177205 -0.012916 0.161771 -0.036774 -0.108729 -0.230457 -0.093167 -0.277781 -0.163542 0.026169 0.037129 0.131599 0.199362 0.094683
Pesos Neuronio 51: 0.031696 -0.000831 -0.176969 -0.199915 -0.301486 -0.248030 -0.195137 -0.325760 -0.146484 -0.016790 0.142962 0.116232 0.204057 0.213233 0.071652 -0.190889 -0.200036 -0.467036 -0.342746 -0.227394 -0.223492 -0.008076 0.274111 -0.020538 0.050640 0.113034 0.005259 0.096421 -0.399573 -0.446134 -0.001468 0.090333 0.093373 -0.023509 0.372138 0.069847 0.196366 -0.034536 0.076489 0.004810 -0.284712 -0.417814 -0.116483 -0.067357 0.224981 0.013617 0.311634 -0.005559 0.026451 -0.118278 0.132270 0.054693 0.223709 0.392891 0.390504 0.292852 0.098208 -0.130428 0.031389 -0.074768 0.115815 0.182263 0.039622 0.478236 0.314997 0.305119 0.104425 0.096081 0.146708 0.064499 0.178422 0.004043 0.014421 0.066450 0.022577 0.203662 0.199951 -0.087530 -0.264338 0.123691 -0.026398 -0.078055 0.088409 -0.129679 -0.156125 0.328991 0.211284 0.036108 -0.126979 0.039121 -0.040312 -0.367728 0.037955 0.013886 0.102391 0.001233 0.178078 0.318434 0.136432 0.020076 -0.169842 -0.340659 0.073406 -0.251052 -0.036950 0.320314 0.198810 -0.099113 -0.012583 0.132863 -0.018923 0.017775 -0.229028 -0.350488 -0.135796 0.117149 0.174149 0.107762 0.070503 0.034950
Pesos Neuronio 52: -0.107894 -0.010357 -0.196183 0.043929 0.131963 0.085605 0.215020 0.136772 0.021243 -0.098697 -0.065206 -0.062183 -0.131225 -0.145004 -0.138616 0.445301 -0.150971 0.380082 -0.266095 0.335699 0.136669 -0.029586 -0.181220 -0.071185 0.022637 0.062591 0.192117 0.083884 0.400705 0.263780 -0.069598 -0.092461 -0.148190 0.101255 -0.108557 0.026461 0.029247 0.028020 0.071355 0.119659 0.446871 0.032351 -0.118704 0.251083 -0.121243 0.182233 -0.176928 0.136569 0.078293 0.227984 0.205045 0.167549 -0.131161 0.009942 -0.357452 0.139595 0.311848 0.321029 -0.031404 -0.040739 -0.093793 0.153098 0.040675 -0.092045 -0.371570 -0.164437 -0.403328 -0.040157 0.134054 0.322570 -0.106089 0.095447 -0.044206 0.025363 0.008315 -0.228249 -0.657008 -0.074516 0.163756 0.198506 0.330091 0.413945 0.138646 -0.054837 0.062523 -0.084910 -0.122033 0.184348 0.099645 0.129436 0.318892 0.295502 -0.042033 0.075054 0.131267 0.061519 -0.188368 -0.290316 -0.337373 -0.201958 -0.041999 0.318577 0.023463 0.202889 -0.028853 0.006776 0.003102 0.114255 0.189876 -0.323249 -0.232921 -0.077403 0.028761 0.150570 0.215669 0.147522 -0.151355 0.051408 0.060702 0.018210
Pesos Neuronio 53: 0.033258 0.047936 0.012382 0.103882 -0.161633 0.112140 0.218417 0.207416 0.158719 0.066311 0.016222 -0.108795 -0.033056 -0.110050 0.118291 0.230579 -0.114316 -0.539601 -0.226492 -0.138073 -0.037508 0.110533 -0.073365 -0.032322 -0.112651 0.070417 -0.247510 0.007379 0.072450 -0.272191 0.194960 0.409095 0.116860 0.156354 0.016677 -0.113850 -0.214547 0.121546 0.127864 -0.097602 0.671110 -0.001456 0.045509 0.118889 0.155603 0.254611 0.039232 -0.092017 -0.070599 -0.008397 -0.156263 -0.598376 -0.016719 0.006462 -0.163571 0.015782 0.022613 0.018445 0.067992 -0.040525 -0.075973 0.038335 -0.312697 -0.324040 -0.054861 0.122862 0.118686 -0.041204 -0.148975 0.032876 0.090220 0.049357 0.004398 -0.186311 -0.155921 -0.222860 -0.138794 0.157383 0.220218 0.103762 0.072199 -0.149675 -0.125811 -0.029486 -0.052256 0.044675 -0.058344 0.104443 0.082970 0.480185 0.279408 0.296563 -0.113812 -0.146203 0.000819 0.051835 0.200155 0.331018 0.032234 -0.082899 0.066466 0.268254 0.377297 -0.381436 0.237527 0.322167 -0.002477 0.035526 0.084822 0.003184 0.102024 -0.325248 -0.464669 -0.157992 0.339219 -0.045075 0.181660 0.368441 0.251396 -0.050369
Pesos Neuronio 54: 0.137097 0.050397 0.216879 0.258668 -0.078417 -0.015619 -0.101827 0.061812 -0.014839 0.147935 -0.017593 -0.057091 -0.222806 -0.063045 0.399482 0.216739 0.064611 -0.443737 -0.015529 -0.119041 -0.037171 0.041166 0.212224 -0.143420 -0.081868 -0.175326 0.108489 0.096470 -0.261370 -0.112783 0.119033 0.148648 0.061201 0.061308 0.007274 -0.153377 -0.040610 -0.128575 0.009092 -0.103622 -0.125684 -0.184296 0.022807 0.066398 0.264400 0.068059 0.026930 0.059114 -0.082602 -0.138844 -0.257794 -0.187293 0.012210 -0.225334 0.176760 0.220287 -0.019638 0.050465 -0.017731 0.080062 -0.132604 -0.191184 -0.300687 0.058021 0.161427 -0.134514 -0.032166 0.160388 0.023460 0.066329 0.096343 -0.013176 -0.070204 -0.191218 -0.024694 0.056531 0.168357 0.129556 -0.357375 -0.067520 0.060443 -0.111566 -0.012584 -0.037992 0.019946 0.175129 0.095610 -0.215860 -0.328861 -0.017135 -0.113606 0.102807 0.027331 -0.062635 0.022128 -0.032556 0.197295 0.342885 0.323951 0.040570 -0.213922 -0.036579 0.155845 -0.098106 0.214055 0.035123 0.195118 -0.049233 0.108940 0.266813 0.295212 -0.114939 -0.279101 -0.174805 -0.066368 0.063797 0.385598 0.087076 0.136266 0.032743
Pesos Neuronio 55: 0.025950 -0.192828 -0.037166 -0.145888 -0.159154 0.070462 -0.269338 -0.178063 -0.014784 -0.002113 0.133614 0.207879 0.292947 0.090011 0.027005 -0.127384 -0.154386 -0.286534 0.074629 -0.279270 -0.240214 -0.047533 0.212876 0.116698 0.088881 0.041767 -0.139341 0.082871 -0.368418 -0.205835 0.153087 0.411012 0.045124 -0.035709 0.223340 0.135465 0.225684 -0.101092 -0.037509 -0.014355 0.201790 0.007539 0.148727 -0.033997 0.089498 0.008302 0.165366 -0.009274 0.141407 0.032027 -0.130906 -0.403743 -0.146703 0.351566 0.210560 -0.123782 0.008440 -0.238759 0.174292 0.049263 0.023523 0.018094 -0.087666 -0.105127 0.048612 0.251824 0.182316 -0.354388 -0.038084 -0.104720 0.062548 0.002521 0.000285 -0.088886 -0.031278 -0.078668 0.394183 0.018279 0.136184 0.207937 -0.283466 -0.088917 -0.031390 0.006834 -0.025605 0.134866 0.302051 0.155690 0.170830 -0.074900 0.123149 0.129852 -0.235945 -0.120117 -0.004457 0.035852 0.247700 0.316643 0.220445 0.246566 -0.213318 -0.457945 0.300455 -0.186853 -0.034234 0.037503 -0.067877 0.057911 0.041398 0.105679 0.054948 0.062734 -0.082231 -0.226906 0.153452 -0.167634 -0.201763 -0.098238 0.073991 -0.015447
Pesos Neuronio 56: 0.048442 0.082919 -0.189146 -0.280229 -0.112497 -0.188693 -0.047531 -0.244569 -0.052486 0.041882 0.059626 0.157746 0.167434 -0.107599 -0.261048 -0.024117 -0.107906 0.109739 0.003601 0.066156 0.038915 0.021603 0.079400 0.298138 0.129776 0.217153 -0.025904 -0.155078 0.288956 0.223001 -0.390940 -0.181820 -0.030308 0.061557 0.099709 0.096461 0.167839 -0.014172 -0.089349 0.106302 -0.203974 -0.253339 -0.472841 -0.082263 -0.001658 0.199905 0.041441 0.053597 0.035214 0.137986 0.265125 0.014782 0.189493 0.520213 -0.085312 0.192394 0.226409 -0.002115 0.010797 0.141189 0.119314 0.059224 0.223265 0.211961 -0.330463 0.121011 0.085384 0.135566 0.251419 0.192869 -0.120837 0.102478 0.086349 0.236737 0.289810 -0.104441 -0.378920 -0.308856 0.237356 0.065446 0.028243 0.374678 0.163184 0.005543 0.033672 -0.007490 0.221644 -0.035116 0.060327 -0.546238 -0.080421 -0.071693 0.057813 0.231569 -0.030839 0.168796 -0.226515 -0.277192 -0.410897 -0.012278 -0.087570 -0.533504 -0.153206 0.192942 0.098007 0.363697 -0.098379 0.097775 -0.051778 -0.361701 -0.490927 -0.215492 -0.044597 -0.399883 -0.275779 0.068684 0.013461 -0.347940 -0.057210 0.073209
Pesos Neuronio 57: -0.220533 -0.207045 -0.471262 -0.128924 -0.092957 -0.039873 0.054034 -0.280020 0.141241 0.000225 -0.096220 -0.060973 -0.003815 -0.155739 -0.227812 -0.081181 -0.223219 -0.148826 -0.222612 0.134703 -0.188261 -0.016740 0.139323 0.078348 0.045711 0.097638 -0.369258 -0.218992 0.029415 -0.184163 0.215046 0.396156 -0.026983 0.164302 0.084931 -0.039383 0.055890 0.136145 0.028926 -0.004441 0.105813 -0.117898 0.166833 0.086071 -0.005549 0.171762 0.161628 -0.208276 0.031945 0.219860 0.107869 -0.228829 0.106196 0.190868 -0.074729 -0.051725 0.004282 0.187284 0.046643 -0.034408 0.057393 0.252380 -0.003979 -0.336329 -0.067102 0.037792 -0.111328 -0.204273 -0.067445 0.089809 -0.126443 0.010908 -0.026335 0.321591 -0.131440 -0.054429 -0.093693 0.139094 0.075545 0.170876 -0.053364 0.019722 -0.070273 -0.052260 -0.034214 0.254670 0.186906 0.130882 0.244463 0.302918 0.053225 -0.072056 0.008212 -0.070845 0.142446 0.028245 0.022930 -0.183740 -0.410344 -0.268284 -0.013371 0.148266 0.262068 -0.295222 0.125127 0.023591 0.057688 -0.016236 0.121513 -0.064862 -0.168443 -0.141063 -0.072663 0.112259 0.326164 0.223916 -0.020850 0.077110 0.211363 0.040525
Pesos Neuronio 58: 0.091824 0.115750 0.090837 0.086404 0.047619 0.128459 0.081105 -0.075943 -0.075405 0.007832 0.184450 0.172611 0.239327 0.125966 0.053928 0.223996 0.245994 0.016490 -0.026562 -0.264521 -0.116122 -0.042585 -0.036898 0.277260 0.045348 0.083068 -0.097396 0.125810 0.145388 0.378605 -0.295586 -0.085946 -0.183774 -0.199027 0.111043 0.122811 0.135318 0.000051 -0.267835 -0.054975 -0.206672 -0.181016 -0.346160 -0.297461 0.256123 0.273714 0.052410 0.040429 0.008424 0.061300 0.024445 -0.214298 -0.105469 0.447439 -0.163186 -0.296919 0.186311 0.012953 0.194385 0.116187 -0.099841 -0.167643 0.078119 -0.019314 -0.239500 -0.088683 0.076650 -0.157991 0.270110 -0.012363 0.014827 0.092804 -0.054853 0.048093 -0.028010 -0.033486 -0.152821 -0.333251 0.405735 0.029423 -0.105262 -0.026327 -0.015152 0.078311 -0.051937 -0.039718 -0.044988 0.017321 0.099587 -0.322004 0.310267 0.410776 0.088158 0.058990 -0.056739 0.030345 -0.020690 0.084251 0.007471 0.201572 -0.140070 -0.423953 -0.049213 0.529599 0.093994 0.012050 -0.063660 0.059395 -0.157995 -0.084704 -0.019975 0.084239 -0.337360 -0.595512 0.006149 0.131664 0.455933 0.014904 0.026264 0.001791
Pesos Neuronio 59: -0.142075 -0.396549 -0.623485 -0.361914 -0.064594 0.237329 0.200064 -0.243073 -0.115656 -0.206670 -0.005622 -0.094804 0.240055 -0.037462 -0.468737 -0.312611 -0.316298 0.077111 -0.026013 -0.029329 -0.272648 -0.053354 0.142598 0.097958 0.072169 0.252127 -0.256345 -0.217843 0.067318 -0.103737 0.269292 0.349448 0.045685 0.093284 0.398844 0.143411 0.058498 0.203978 0.267231 0.011083 -0.188987 -0.179501 0.103925 0.361207 0.205129 0.210075 0.417165 -0.218233 0.107512 0.190903 0.385638 -0.073724 0.161456 0.184173 0.182213 0.105963 0.184709 0.293688 0.161196 -0.054444 0.160562 0.304538 0.304442 0.015404 -0.167939 -0.040018 -0.010532 -0.271609 -0.162377 0.237299 0.002995 -0.124380 0.022785 0.523803 -0.016953 -0.074568 0.103467 -0.201802 0.006667 0.141203 -0.047966 0.151838 0.022768 -0.043377 -0.005771 0.195683 -0.051725 0.147515 0.421493 0.286084 0.265522 -0.018390 0.057529 0.012944 0.038835 -0.135894 -0.223762 -0.331645 -0.455059 -0.386230 -0.064179 0.049073 0.179834 -0.318617 0.049307 0.189702 -0.065398 0.001803 0.015233 -0.311239 -0.482700 -0.063630 -0.232498 -0.000411 0.297432 0.323781 -0.137332 0.012729 0.027465 -0.063958

Camada Saída
Pesos Neuronio 0: -0.155790 -0.203973 -0.203367 -0.061733 -0.160572 -0.117347 -0.094525 -0.033218 -0.126088 -0.107664 -0.104260 -0.062929 -0.158213 -0.026308 -0.099498 -0.099933 -0.198770 -0.123841 -0.226808 -0.067885 -0.216049 -0.149045 -0.137108 -0.072512 -0.165484 -0.025750 -0.181816 -0.093733 -0.090652 -0.074483 -0.170098 -0.113911 -0.209926 -0.077255 -0.102250 -0.021710 -0.050158 -0.055398 -0.191215 -0.129806 -0.102836 -0.090607 -0.148946 -0.143790 -0.096180 -0.174819 -0.132704 -0.128110 -0.153982 -0.093868 -0.035550 -0.254519 -0.208939 -0.214210 -0.042208 -0.146656 -0.198388 -0.171719 -0.208599 -0.096393
Pesos Neuronio 1: -0.139613 -0.141105 -0.178250 -0.069761 -0.221912 -0.164041 -0.220017 -0.118186 -0.062977 -0.189321 -0.105640 -0.040485 -0.125320 -0.158465 -0.117900 -0.049752 -0.027531 -0.229860 -0.137645 -0.199039 -0.209194 -0.069417 -0.199872 -0.156278 -0.150075 -0.066588 -0.139144 -0.040535 -0.125927 -0.039436 -0.053436 -0.088086 -0.070317 -0.101148 -0.136151 -0.177864 -0.064652 -0.078846 -0.037250 -0.106930 -0.046512 -0.204229 -0.222919 -0.100256 -0.180999 -0.212135 -0.209842 -0.161784 -0.131093 -0.161435 -0.093822 -0.163474 -0.139548 -0.051687 -0.139391 -0.167408 -0.185760 -0.098951 -0.074676 -0.165775
Pesos Neuronio 2: -0.171216 -0.174135 -0.175666 -0.209135 -0.065695 -0.031980 -0.193532 -0.036036 -0.187977 -0.216011 -0.080096 -0.121479 -0.193318 -0.170888 -0.130367 -0.086396 -0.177669 -0.044800 -0.104046 -0.136419 -0.162347 -0.167085 -0.136198 -0.141353 -0.156713 -0.058953 -0.105442 -0.198661 -0.142668 -0.064001 -0.055452 -0.217505 -0.030258 -0.213820 -0.058723 -0.072287 -0.051695 -0.173893 -0.096819 -0.133613 -0.166251 -0.117449 -0.055384 -0.129633 -0.183710 -0.159733 -0.212121 -0.222277 -0.071426 -0.101245 -0.183343 -0.143576 -0.077597 -0.159784 -0.032464 -0.188362 -0.011432 -0.096420 -0.151481 -0.124201
Pesos Neuronio 3: 0.082609 -0.789914 -0.314147 -0.506641 -0.033296 0.006693 -2.029018 -0.337936 -0.357458 0.032370 -0.780287 -0.789613 -1.482184 -1.005927 0.188062 -0.523307 -0.543813 -0.887204 0.502380 -0.768770 -1.145468 -1.626379 -0.189073 -0.361943 1.117898 -1.470017 -1.032174 0.321249 0.762281 -0.053834 1.278354 0.070680 -0.738555 -0.694331 -0.194926 0.738802 -0.419078 -0.746745 -0.542802 -0.603010 0.345969 -0.932967 -1.902222 1.087732 -1.523485 -0.715239 -0.834342 0.460876 -0.788506 0.591751 0.784645 0.709279 -0.565115 -0.079004 -0.245643 0.278039 0.553440 0.881818 -0.186234 0.900175
Pesos Neuronio 4: -0.023356 -0.044181 -0.159842 -0.051800 -0.068575 -0.060814 -0.176821 -0.166200 -0.129010 -0.181935 -0.123585 -0.107744 -0.069468 -0.172722 -0.138125 -0.142881 -0.170425 -0.201771 -0.174650 -0.072400 -0.081998 -0.085602 -0.180686 -0.032412 -0.141463 -0.180319 -0.058147 -0.084118 -0.176657 -0.094298 -0.056805 -0.220666 -0.172358 -0.163102 -0.118243 -0.109583 -0.111983 -0.118536 -0.100030 -0.025364 -0.003664 -0.052933 -0.196286 -0.133859 -0.170808 -0.183853 -0.055064 -0.153676 -0.128080 -0.094591 -0.130756 -0.113194 -0.177838 -0.036256 -0.083973 -0.179242 -0.082484 -0.157018 -0.101509 -0.198760
Pesos Neuronio 5: -0.059214 -0.068536 -0.076741 -0.162426 -0.073361 -0.003851 -0.109029 -0.208377 -0.164396 -0.130853 -0.060881 -0.030755 -0.136617 -0.043514 -0.186315 -0.047681 -0.065222 -0.188501 -0.046943 -0.076526 -0.207790 -0.090741 -0.229630 -0.085550 -0.117707 -0.070915 -0.102762 -0.153724 -0.207428 -0.136624 -0.194111 -0.059624 -0.147590 -0.106959 -0.078723 -0.189691 -0.112603 -0.147876 -0.119888 -0.032741 -0.022346 -0.045940 -0.056250 -0.123742 -0.079519 -0.221648 -0.179995 -0.208396 -0.014478 -0.076575 -0.178928 -0.242709 -0.044263 -0.120059 -0.160472 -0.182539 -0.083993 -0.125597 -0.148882 -0.173960
Pesos Neuronio 6: -0.177892 -0.028548 -0.078157 -0.203838 -0.207828 -0.076176 -0.175231 -0.098725 -0.188526 -0.037399 -0.221085 -0.118377 -0.124806 -0.044345 -0.115431 -0.068101 -0.180976 -0.092288 -0.116305 -0.091787 -0.194713 -0.055707 -0.203044 -0.135005 -0.154345 -0.181073 -0.069732 -0.181312 -0.105773 -0.033252 -0.221984 -0.066202 -0.042232 -0.084331 -0.185615 -0.032569 -0.218338 -0.157029 -0.030590 -0.077114 -0.171234 -0.197516 -0.167139 -0.114804 -0.028906 -0.092220 -0.076876 -0.059565 0.003201 -0.083421 -0.111135 -0.175690 -0.065917 -0.080678 -0.216314 -0.162666 -0.141379 -0.149480 -0.049817 -0.102433
Pesos Neuronio 7: 0.967080 -1.223336 -1.284449 0.247192 -0.434565 -0.971827 0.870451 -1.621151 0.284518 -0.284981 0.379487 0.090727 -0.473632 -0.803233 0.208599 0.914873 -0.813665 -0.370486 -1.292767 -0.613193 -0.896113 1.019357 0.931299 -0.160376 0.309020 -0.721121 0.323396 -0.624493 -0.789692 -0.105899 -1.164769 -0.518479 -1.243963 -0.576555 -0.376023 0.418918 0.161921 -0.002250 0.133367 -0.871462 -0.191279 0.363033 -0.144622 0.096179 -0.209984 0.809089 -0.834128 -0.201853 -0.632937 -0.667631 -1.206386 -1.586526 0.498261 0.574440 -0.917511 0.074114 -0.950681 0.223007 -0.326248 0.238541
Pesos Neuronio 8: -0.193637 -0.133089 -0.215965 -0.083439 -0.122357 -0.031645 -0.190027 -0.108419 -0.199082 -0.074359 -0.108112 -0.118191 -0.110899 -0.144930 -0.178709 -0.123715 -0.196103 -0.132073 -0.182747 -0.224378 -0.100082 -0.082608 -0.072617 -0.177750 -0.043573 -0.103368 -0.032206 -0.195368 -0.135848 -0.044469 -0.111964 -0.141612 -0.132046 -0.076685 -0.069761 -0.063754 -0.081222 -0.067447 -0.181502 -0.164957 -0.031119 -0.070661 -0.200946 -0.152497 -0.117442 -0.084369 -0.164004 -0.109740 -0.079832 -0.033193 -0.044276 -0.137862 -0.071426 -0.228399 -0.164493 -0.099717 -0.137434 -0.052146 -0.159248 -0.174118
Pesos Neuronio 9: -0.083159 -0.181990 -0.146444 -0.210791 -0.080059 -0.056888 -0.064371 -0.028673 -0.106494 -0.210942 -0.158488 -0.195938 -0.100174 -0.110974 -0.167600 -0.224274 -0.105862 -0.058245 -0.051719 -0.102865 -0.188692 -0.082999 -0.192645 -0.177518 -0.146065 -0.094646 -0.063269 -0.035971 -0.086775 -0.077526 -0.117671 -0.146234 -0.087771 -0.211042 -0.128771 -0.057590 -0.109821 -0.021192 -0.204661 -0.122028 -0.012099 -0.148527 -0.179672 -0.183098 -0.155301 -0.046695 -0.093050 -0.205373 -0.019532 -0.138137 -0.147729 -0.214173 -0.060547 -0.101633 -0.173395 -0.186219 -0.056713 -0.052246 -0.123993 -0.028985
Pesos Neuronio 10: -0.048208 -0.072188 -0.117177 -0.167874 -0.149477 -0.029509 -0.078011 -0.052770 -0.122662 -0.132036 -0.175511 -0.044292 -0.014263 -0.154800 -0.094680 -0.192303 -0.116131 -0.171886 -0.141983 -0.178452 -0.179926 -0.081299 -0.098198 -0.056415 -0.068212 -0.153620 -0.170613 -0.183583 -0.058938 -0.196955 -0.224650 -0.117829 -0.173851 -0.209265 -0.058427 -0.141135 -0.190936 -0.175434 -0.012276 -0.177393 -0.052267 -0.201400 -0.144225 -0.138901 -0.178364 -0.202320 -0.202757 -0.126514 -0.110356 -0.126792 -0.120527 -0.227379 -0.001374 -0.076508 -0.034390 -0.110254 -0.104018 -0.216196 -0.082175 -0.072527
Pesos Neuronio 11: -0.063616 -0.158497 -0.150883 -0.147272 -0.131544 -0.021547 -0.161921 -0.118557 -0.139078 -0.015701 -0.071161 -0.205301 -0.064457 -0.025900 -0.228610 -0.025392 -0.084421 -0.196981 -0.220596 -0.122834 -0.230846 -0.198889 -0.099584 -0.015890 -0.066459 -0.172499 -0.173459 -0.027822 -0.068552 -0.072260 -0.068071 -0.215944 -0.034621 -0.097581 -0.194200 -0.007123 -0.039316 -0.140243 -0.044906 -0.162392 -0.147260 -0.201226 -0.047405 -0.145590 -0.137137 -0.097553 -0.154807 -0.214617 -0.126492 -0.096398 -0.097922 -0.183526 -0.135541 -0.104629 -0.139359 -0.163687 -0.123880 -0.193426 -0.108418 -0.098868
Pesos Neuronio 12: -0.426953 -0.260022 -1.326056 -0.469473 0.578609 -0.010628 1.020339 0.582273 0.110003 -1.202378 -0.924150 -1.196370 0.346726 -0.318333 0.152116 0.348811 -0.993643 -0.352979 -0.536724 -0.547204 0.305413 -0.235275 -0.330800 -0.358995 -0.921396 0.261872 -0.531336 -0.808198 -0.621653 1.055315 -0.607588 -0.475921 0.632475 -0.253619 0.851254 -0.828942 -0.932290 -0.299470 0.663791 0.921451 0.709312 -0.079323 0.399196 0.196458 0.540392 0.303292 0.932554 -1.105280 -1.124707 0.151825 -0.195797 -1.366705 -0.075210 -0.821545 -0.421705 -0.600858 0.533337 -0.732493 0.900804 -1.066961
Pesos Neuronio 13: -0.947114 0.220813 -1.250172 0.056775 0.323893 -1.161290 -0.091551 -0.072372 -0.314711 -0.266579 0.610366 0.735714 -1.019431 0.439976 0.082779 0.358978 -0.234520 0.459562 0.137193 0.001146 0.216306 0.532432 0.058146 0.243441 -0.393462 -0.605558 -0.199528 -1.298283 0.556044 -1.346218 0.706108 0.453721 0.327683 -0.429567 -1.628788 -0.810226 -0.079265 -1.063363 -0.126964 -0.772408 0.131892 -1.015561 -0.011887 1.031503 0.060314 -1.033300 0.103652 -0.557425 -1.065389 -0.915633 -0.966582 0.335120 -1.189342 -0.184573 0.431447 0.293945 -1.147791 0.025854 -0.692045 0.300960
Pesos Neuronio 14: -0.702063 0.119340 -0.094781 -1.128319 -1.531157 -0.069748 -1.348212 0.784677 0.204424 0.205790 -1.630353 -0.740722 -0.860407 0.909581 0.633492 -1.416498 0.125126 0.339935 0.512762 0.557254 -0.161126 -1.304441 -0.356594 0.448481 -0.570811 0.467816 -1.633880 -1.145828 0.383250 0.424020 -1.069346 0.004124 -1.724300 0.082444 0.677058 -0.733727 -1.833754 0.989487 -1.223127 1.058893 -1.035215 0.377308 -0.242131 -0.122552 -0.629542 1.364957 -0.555839 0.492170 -1.195426 -0.594054 -0.672711 0.210162 -1.414887 0.847921 0.791486 0.180196 -1.052887 -0.839007 0.145580 -1.140929
Pesos Neuronio 15: -0.212123 -0.163654 -0.204458 -0.122771 -0.177472 -0.119261 -0.205652 -0.010799 -0.128652 -0.089401 -0.165760 -0.030123 -0.094567 -0.076349 -0.186589 -0.081042 -0.157968 -0.047345 -0.130282 -0.050404 -0.182276 -0.099431 -0.113945 -0.157542 -0.013664 -0.115874 -0.024027 -0.131395 -0.153160 -0.129018 -0.181209 -0.078604 -0.057034 -0.159669 -0.108534 -0.007407 -0.161865 0.001252 -0.165003 -0.077563 -0.119526 -0.164438 -0.197996 -0.098225 -0.187075 -0.192073 -0.057510 -0.191198 -0.171303 -0.126151 -0.148489 -0.143950 -0.094138 -0.101138 -0.116916 -0.231931 -0.064163 -0.044553 -0.120365 -0.056377
Pesos Neuronio 16: 0.105625 0.327003 1.196696 -0.633099 -0.730253 1.069065 -0.837130 0.047248 -0.513671 -1.720074 -0.577326 0.930163 0.308180 1.017071 -0.897610 0.057110 0.246291 0.896666 -1.410227 -0.701964 -0.145411 -0.906067 -1.523848 -0.737213 -0.317691 0.449455 0.323870 -0.155256 -0.657271 -0.858233 0.863499 -1.812696 0.287151 0.716736 -0.684893 -1.127740 0.368954 0.490561 0.612940 -0.840099 -0.812918 -0.449543 0.281645 -0.181844 -0.467005 -0.540047 -0.783421 0.296221 0.277299 0.762295 -0.172623 0.164965 -0.642391 -0.941423 -0.115072 0.235205 0.177187 -0.823567 -0.316913 -1.051120
Pesos Neuronio 17: -1.606931 -0.992198 0.081995 0.241117 0.015790 -0.025307 0.887721 1.373001 -0.960248 0.194150 1.253037 -0.642444 -0.624450 0.354832 -0.950752 -0.549925 0.150449 -1.391305 -1.485282 0.300995 -0.943747 1.016894 -0.233533 -0.658423 -0.767972 -0.408888 -0.589801 -0.350936 -1.829804 -1.566613 -0.066647 -0.217589 -1.329075 -1.012804 1.790159 -1.385461 0.839867 -0.194814 -0.858218 -0.995365 -0.760932 -1.173448 0.311106 -1.637356 -0.585290 -0.583409 0.402154 1.489700 -0.488203 0.808382 0.734108 0.171383 0.169654 0.214767 -0.163709 0.062739 -0.482139 0.364252 -0.988729 -0.116148
Pesos Neuronio 18: -0.098974 -0.066630 -0.076367 -0.047820 -0.086590 -0.138975 -0.205492 -0.121604 -0.085719 -0.050573 -0.106805 -0.201070 -0.068299 -0.188088 -0.090337 -0.178963 -0.183361 -0.140125 -0.083694 -0.040738 -0.029382 -0.209473 -0.217495 -0.146881 -0.087267 -0.105507 -0.062679 -0.180932 -0.151700 -0.091061 -0.129528 -0.103953 -0.045101 -0.115003 -0.142508 -0.167335 -0.200524 -0.153211 -0.197158 -0.154027 -0.095567 -0.101753 -0.107694 -0.149610 -0.021740 -0.108770 -0.062873 -0.212345 0.006120 -0.173550 -0.009988 -0.174149 -0.184557 -0.025686 -0.120301 -0.207062 0.004212 -0.108662 -0.155636 -0.112086
Pesos Neuronio 19: -0.168362 -0.047949 -0.057252 -0.221323 -0.151922 -0.144958 -0.050991 -0.101929 -0.022757 -0.094506 -0.158590 -0.113858 -0.077278 -0.149044 -0.145548 -0.077757 -0.151482 -0.199850 -0.089133 -0.064679 -0.072304 -0.063215 -0.215932 -0.012058 -0.135341 -0.098494 -0.206890 -0.103199 -0.073167 -0.139086 -0.183189 -0.243980 -0.210165 -0.140372 -0.141630 -0.115030 -0.201330 -0.124612 -0.194902 -0.080526 -0.075456 -0.076571 -0.097312 -0.207484 -0.037771 -0.195300 -0.091521 -0.216588 -0.039290 -0.104487 -0.032599 -0.074891 -0.129917 -0.059129 -0.084932 -0.252239 -0.159396 -0.074453 -0.127104 -0.072499
Pesos Neuronio 20: -0.048468 -0.085768 -0.109827 -0.222974 -0.043778 -0.138610 -0.102635 -0.108296 -0.056070 -0.045663 -0.068799 -0.080733 -0.031887 -0.073725 -0.213570 -0.118598 -0.158753 -0.079154 -0.140363 -0.217513 -0.033760 -0.164763 -0.069019 -0.121450 -0.114657 -0.051710 -0.092176 -0.204289 -0.200601 -0.018642 -0.116876 -0.144043 -0.186549 -0.079717 -0.136361 -0.136323 -0.052663 -0.009814 -0.079881 -0.062855 -0.134579 -0.170586 -0.144745 -0.134187 -0.041487 -0.133346 -0.195889 -0.134482 -0.056295 -0.138418 -0.075661 -0.182819 -0.079524 -0.136365 -0.195143 -0.166294 -0.166662 -0.142805 -0.184113 -0.068982
Pesos Neuronio 21: -0.064601 -0.167594 -0.122280 -0.056639 -0.191148 -0.134772 -0.157239 -0.115379 -0.202134 -0.107378 -0.137636 -0.078520 -0.101234 -0.179510 -0.117085 -0.103148 -0.155649 -0.026384 -0.043733 -0.130152 -0.208689 -0.074055 -0.053581 -0.094620 -0.149132 -0.011673 -0.186676 -0.078360 -0.165574 -0.170162 -0.148023 -0.207533 -0.125372 -0.219478 -0.080387 -0.178645 -0.100938 -0.086331 -0.136567 -0.097269 -0.127035 -0.145089 -0.189935 -0.149481 -0.021622 -0.189969 -0.211549 -0.109060 -0.015511 -0.168216 -0.173309 -0.162722 -0.025111 -0.040420 -0.114747 -0.113721 -0.075791 -0.157669 -0.088432 -0.217692
Pesos Neuronio 22: -0.138639 0.550642 -0.757432 -0.462240 -0.093626 1.061353 -1.172080 0.258850 0.111605 -0.113614 0.240010 0.085977 0.758597 -0.292616 -0.578617 0.475883 -0.159818 -1.036594 -0.337555 0.341250 0.432433 0.722796 -0.127400 0.480972 -0.661770 -0.041016 0.458012 -0.029641 0.263010 -0.112679 -0.213576 0.507069 0.270528 -0.046671 0.002011 0.398231 0.412749 0.498238 -0.438879 -0.033101 -0.973398 1.039607 -0.836699 -0.976864 -0.366542 0.150928 -0.518223 -1.222808 -0.057800 -0.789532 0.080882 -1.060191 0.197815 0.316599 0.675796 -1.185241 -1.137500 -0.262178 -1.029670 -1.031908
Pesos Neuronio 23: -0.891969 0.025853 0.818115 0.189459 0.185561 -1.328994 0.112455 -1.108895 -0.327145 0.033258 -0.152198 -1.246783 0.452833 -1.331082 -1.141176 -1.213421 0.461189 0.264524 0.761885 0.053207 -0.139622 0.093943 -0.443987 -0.780036 -0.777951 -0.044712 0.349575 0.206193 0.508306 0.023797 -0.769116 0.001162 0.527821 -0.394594 -1.375999 0.085070 0.493853 -1.122165 -0.511764 -0.612575 0.138148 -0.676527 0.395913 -1.231792 0.882354 -1.174308 0.423838 -0.674604 0.703022 -1.474855 -0.588521 -0.376674 0.787476 -1.522891 -0.737221 -1.426173 0.468437 -0.545645 -0.396245 0.192761
Pesos Neuronio 24: -0.061072 -0.058223 -0.176730 -0.105193 -0.108016 -0.061208 -0.191517 -0.176004 -0.165766 -0.187459 -0.054574 -0.090193 -0.050112 -0.105534 -0.069834 -0.165827 -0.049243 -0.219786 -0.134081 -0.148649 -0.167394 -0.151391 -0.213771 -0.087450 -0.043395 -0.136454 -0.065358 -0.050291 -0.148630 -0.185128 -0.123766 -0.104456 -0.031615 -0.055696 -0.155681 -0.097724 -0.059187 -0.151225 -0.149231 -0.131468 -0.150771 -0.171169 -0.177119 -0.190554 -0.043425 -0.141599 -0.145118 -0.192792 -0.129673 -0.174979 -0.106220 -0.160303 -0.066628 -0.112841 -0.150512 -0.099306 -0.029349 -0.200010 -0.119423 -0.090880
Pesos Neuronio 25: -0.071877 -0.039321 -0.037568 -0.118859 -0.194667 -0.016549 -0.066469 -0.196612 -0.168245 -0.198003 -0.171431 -0.149006 -0.090971 -0.008343 -0.165696 -0.188629 -0.155502 -0.189574 -0.114009 -0.181453 -0.183071 -0.023048 -0.064834 -0.183293 -0.067087 -0.181132 -0.210230 -0.080884 -0.125887 -0.170923 -0.079419 -0.058185 -0.080411 -0.133070 -0.091133 -0.015489 -0.123922 -0.075733 -0.155255 -0.073977 -0.027424 -0.114751 -0.141739 -0.145097 -0.069195 -0.053747 -0.183929 -0.142683 -0.051918 -0.185260 -0.160195 -0.168593 -0.019131 -0.054132 -0.194709 -0.126355 -0.156267 -0.036573 -0.044636 -0.157634
