Camada Oculta
Pesos Neuronio 0: 0.017950 -0.065949 0.086700 0.095378 0.007146 0.063754 -0.015376 0.052861 0.078196 0.084543 -0.037159 -0.034564 0.058833 -0.027463 0.037661 -0.059098 0.036682 0.016434 0.082422 0.065221 -0.063686 -0.094164 0.048486 -0.056860 0.092631 -0.022316 -0.009178 0.063043 0.058352 0.021794 0.077062 -0.094397 0.064081 0.055748 -0.005128 0.002070 -0.059981 -0.008825 -0.056466 -0.049381 0.093739 -0.046493 -0.008791 0.020322 -0.056720 0.015528 -0.017678 0.074690 0.057949 0.096045 0.085147 0.001850 -0.086123 -0.018246 0.087136 -0.073050 -0.045361 0.027552 0.058165 0.006599 -0.077192 -0.026329 0.050606 0.030529 0.051392 0.092410 0.085228 0.004661 -0.094591 0.007072 -0.054529 0.063793 -0.036448 0.017773 -0.082753 -0.098268 0.055588 0.085059 0.093138 0.076617 -0.045822 -0.010269 -0.045630 0.053805 -0.035142 0.073914 0.044011 -0.020851 -0.042883 0.021441 0.083598 -0.097750 -0.008989 0.085370 -0.066177 -0.014676 -0.077260 -0.009298 -0.067231 0.037348 -0.060836 -0.063864 -0.007247 0.024646 0.050616 0.096666 -0.030262 -0.064349 -0.083117 0.079569 0.074855 -0.001725 -0.012300 0.080710 0.035413 0.020702 0.057209 0.099682 -0.043012 0.032500
Pesos Neuronio 1: -0.095375 -0.097036 0.054244 0.053752 0.070667 0.049007 -0.089618 -0.011383 -0.063157 -0.028737 -0.030347 -0.081289 0.050835 0.098862 -0.082654 0.049687 -0.064845 0.048585 -0.063623 0.097658 -0.037308 -0.017685 0.056576 -0.013496 0.071820 -0.093283 0.011494 0.006272 -0.027933 -0.079476 0.054312 0.011507 0.059871 0.008174 -0.065363 0.006816 0.074080 0.004992 -0.034741 -0.031389 -0.058397 -0.046009 -0.021931 -0.059264 0.040680 -0.058723 -0.099547 0.088263 0.021091 -0.089929 0.037839 -0.000025 0.014057 -0.044960 0.061174 -0.054416 -0.049727 -0.028354 0.086564 -0.044554 0.083082 -0.042736 0.022775 -0.033829 0.039280 0.062866 0.018154 0.097618 -0.006972 -0.064159 0.084668 -0.033028 0.051514 -0.018909 0.045806 0.020164 -0.094976 -0.054844 -0.066880 -0.064911 -0.005066 -0.043872 -0.046951 0.019109 -0.079418 0.031703 -0.091875 0.096771 0.064252 -0.032190 -0.033212 0.067845 -0.028394 -0.023577 0.004390 -0.068511 0.045201 -0.015449 -0.004060 -0.048276 0.088339 0.021665 0.079051 -0.062237 0.071585 0.025653 0.009230 0.060220 -0.013685 -0.009532 0.032891 0.073271 0.025011 0.087622 -0.058960 0.043574 0.096395 0.013895 0.050627 0.035059
Pesos Neuronio 2: 0.083914 -0.025376 0.016594 -0.041080 -0.059331 -0.061250 0.024700 -0.061231 0.090993 0.053378 0.001425 -0.028279 0.027363 0.063966 0.022903 -0.019787 0.049980 -0.026337 0.026912 -0.028895 -0.097889 0.083964 -0.048155 0.056116 0.023960 0.000164 -0.067211 0.095143 0.057453 0.011421 0.061232 -0.098070 0.028812 0.071226 -0.082006 0.096821 -0.024567 -0.054145 -0.065086 -0.060209 0.016318 -0.093461 -0.040681 0.008425 0.097185 -0.082909 0.046315 0.024466 -0.069032 -0.061707 0.045859 0.049961 -0.076483 -0.092164 -0.044509 -0.001634 0.047672 0.048226 0.051332 -0.070489 -0.034647 -0.065640 0.075379 -0.066639 0.042125 -0.043562 -0.060025 0.071356 0.046369 -0.004081 0.038964 -0.059864 0.097352 0.055663 0.053772 -0.062016 0.083770 0.061049 0.025064 0.022339 -0.013592 0.023676 -0.036475 0.090099 0.069191 -0.056723 -0.036638 -0.099245 0.034739 0.052993 0.054115 -0.035187 -0.064570 0.032586 0.091473 -0.049292 -0.015003 0.069486 0.091885 -0.006027 0.030885 -0.074974 -0.019138 0.028824 -0.038498 -0.033383 0.006179 -0.019075 -0.042574 -0.011034 -0.013385 -0.018056 -0.003613 -0.098591 0.091974 -0.003660 0.007945 0.028819 -0.026751 0.064517
Pesos Neuronio 3: -0.035809 0.004651 0.028795 -0.059174 -0.049590 0.086565 0.073924 0.024413 0.074973 -0.022508 0.084868 0.092922 0.059840 -0.095907 -0.079600 -0.066877 0.026257 -0.094941 -0.078212 -0.040327 -0.071079 0.096200 -0.027485 -0.015744 -0.090910 0.039880 -0.019682 0.006934 -0.008859 0.084528 0.094947 0.022497 -0.018023 0.035735 -0.056810 -0.059537 0.097043 -0.065173 0.087651 0.014041 0.021284 -0.044338 0.020061 0.035100 0.022511 0.001381 -0.072554 0.017191 0.099784 0.023281 0.094987 0.045128 -0.041434 -0.017843 -0.034629 0.093727 -0.099887 0.093196 0.082374 0.035360 0.037947 0.058553 -0.076743 0.047244 0.055212 -0.085059 0.076207 0.040208 -0.083150 -0.022980 -0.097911 0.016939 -0.081849 0.036743 -0.090021 -0.028952 -0.089291 0.076657 0.053892 0.039990 0.042215 0.062163 0.014873 0.040299 -0.042228 -0.092350 0.046407 -0.069267 0.021591 -0.064291 0.008782 0.067380 -0.024964 -0.071284 0.023364 0.044131 0.000753 -0.092245 0.064863 0.055030 -0.023447 -0.007963 0.085717 0.089744 -0.040345 0.060276 -0.057115 -0.095899 -0.042096 0.050527 0.014878 -0.065822 0.091470 0.090921 0.031918 -0.069667 -0.041036 0.069884 -0.070574 0.049168
Pesos Neuronio 4: -0.010160 -0.012389 -0.027474 -0.079025 0.011784 -0.083465 -0.097809 -0.038271 0.092138 0.032983 -0.046645 -0.021051 -0.079088 0.053944 -0.062505 0.068314 -0.037324 0.071829 -0.012184 -0.000408 -0.012089 -0.037206 -0.097143 -0.060060 -0.052246 -0.071280 -0.076251 0.010544 0.030855 0.006586 0.017506 0.045173 0.084742 -0.021869 -0.070134 -0.043676 0.071884 0.018151 0.035469 0.030647 -0.005491 -0.045847 -0.045555 -0.070687 -0.004718 -0.076048 0.068200 -0.030689 0.066478 0.059865 -0.043404 0.021762 -0.031551 -0.088529 0.073416 -0.045734 -0.022406 0.024621 -0.044067 0.048519 0.043715 0.013847 0.029855 0.079105 -0.000495 -0.077330 0.070338 0.097428 -0.044831 0.038093 -0.086583 0.030523 0.002571 0.041742 -0.039314 -0.021984 -0.037956 -0.089931 -0.072185 0.080158 -0.070576 -0.060503 -0.062391 0.079371 0.059286 0.019009 0.031903 0.009238 -0.025825 -0.057703 -0.049869 -0.078876 -0.085716 0.034833 -0.086097 0.068262 -0.024974 -0.092562 -0.020521 -0.034663 0.073255 0.012572 -0.004251 0.047830 -0.042929 0.042887 0.040816 -0.084119 0.049089 0.093292 -0.026016 -0.078362 0.059970 -0.081000 -0.033749 0.097970 0.029329 -0.076442 -0.008365 0.016535
Pesos Neuronio 5: -0.083305 0.010764 0.048245 -0.087711 0.011855 -0.062482 -0.080989 0.022217 -0.058494 -0.035202 -0.094967 -0.002804 0.023969 -0.088181 0.043021 0.090169 -0.000179 -0.032751 0.009959 0.017843 0.057161 0.050835 0.008648 0.054274 -0.025724 -0.073003 -0.002872 0.083590 0.097208 -0.011798 -0.038317 -0.020466 0.049614 0.036918 -0.094603 -0.094390 0.085545 0.062539 0.029429 0.049565 0.093402 0.043643 -0.003784 0.085282 0.060818 -0.047509 -0.099769 0.064725 0.091679 -0.042694 0.020627 0.042214 0.061804 -0.020322 0.065951 0.031269 -0.078484 -0.043225 -0.043273 0.028105 -0.067538 -0.004509 -0.098610 -0.044343 -0.010676 0.091429 -0.068375 0.007736 -0.076580 0.055382 0.053807 -0.017407 0.071243 0.019111 0.091023 0.040715 -0.046136 0.050220 -0.095078 0.026539 0.073142 -0.072165 -0.034006 -0.046015 -0.077293 0.002428 -0.070102 0.012097 0.049289 0.021250 0.075941 -0.043920 0.046514 -0.060936 -0.048788 -0.004576 -0.012862 0.039587 0.030896 -0.099251 -0.020042 -0.044506 0.088787 -0.015332 0.015753 0.086605 -0.081052 0.043382 -0.077232 -0.076316 0.055335 -0.083341 0.037857 0.030886 -0.082006 -0.055133 0.087017 -0.089119 -0.005709 -0.063736
Pesos Neuronio 6: 0.085664 0.016952 0.013243 0.048200 -0.077531 0.095796 0.044540 0.028429 -0.064181 -0.069401 -0.025544 0.021772 -0.063679 0.095511 -0.033965 -0.021167 -0.050571 -0.019318 0.082891 0.064798 0.087090 -0.076559 -0.032546 0.014659 -0.066593 -0.018732 0.078916 -0.045937 -0.049896 -0.027458 0.057449 0.066164 -0.059334 0.011013 0.028035 -0.031011 -0.000379 0.085219 -0.008008 0.009294 0.089036 0.006418 0.062209 0.097984 -0.027363 0.085885 -0.022289 -0.045021 0.008258 0.095887 0.028887 -0.074553 0.020336 0.049433 0.003543 0.072344 -0.033509 0.075488 0.034521 0.051133 0.003140 -0.098620 -0.063018 0.030308 -0.024136 0.041584 -0.008764 0.059136 0.009840 0.077556 -0.014264 0.088686 -0.009045 0.048681 0.016037 -0.044522 -0.070970 -0.068654 -0.044477 0.081909 0.059699 -0.019038 0.064163 -0.085743 0.073115 -0.053040 0.056429 0.036899 0.032727 -0.078686 0.029602 -0.007576 -0.037706 0.039873 0.059442 -0.009701 -0.035196 0.009830 0.044265 -0.068654 0.019543 -0.034064 0.033815 0.022690 0.054727 -0.012293 -0.089511 0.010353 0.013280 -0.085134 0.034519 0.088150 -0.030014 0.044016 -0.046497 -0.004519 -0.049274 -0.056577 0.009178 0.003613
Pesos Neuronio 7: 0.040602 -0.078319 -0.000518 0.015432 -0.025085 -0.035904 -0.044985 0.034205 0.028296 0.039528 -0.065588 0.063746 -0.093549 0.026693 0.070086 0.061797 -0.084607 -0.001982 0.018071 -0.044003 0.032670 0.023426 -0.091769 0.066859 -0.083857 -0.043628 -0.031598 0.004781 -0.068420 -0.068575 -0.071183 -0.036296 -0.095342 -0.067596 0.014725 0.062017 -0.035264 0.094125 0.009083 0.082356 -0.091689 0.049640 0.015676 -0.034160 -0.081524 -0.078740 -0.005962 0.088009 -0.085983 0.027893 -0.062967 -0.029798 0.077334 0.058250 0.094367 0.085123 0.048658 0.036661 -0.033672 -0.046640 -0.057078 0.069630 0.044442 0.025037 -0.004129 0.026299 -0.044675 -0.011582 0.096346 0.034111 -0.078998 -0.090051 -0.068689 -0.058319 -0.095628 -0.032212 0.028647 -0.002680 -0.047524 0.090608 0.070601 -0.047809 0.044252 -0.048816 -0.039404 -0.015136 0.048048 -0.065870 -0.006837 -0.000753 -0.045906 -0.079488 0.047545 0.012808 0.054564 0.029393 -0.018490 0.005760 0.068518 0.070306 -0.026254 -0.070558 -0.018766 -0.025255 0.059286 -0.019284 -0.081195 0.062214 -0.075247 0.075693 0.045076 -0.015603 0.096552 0.043916 0.013158 -0.016704 0.027873 -0.014326 -0.093338 -0.091527
Pesos Neuronio 8: -0.007328 -0.084182 0.058352 -0.094521 0.084434 0.092412 0.063513 -0.027345 -0.022589 0.046086 0.021000 0.021621 -0.006914 -0.051280 0.013649 -0.065981 0.013451 -0.027445 -0.095212 0.099878 -0.039005 -0.087165 0.093814 0.038804 -0.011638 0.040589 -0.058975 0.031515 0.041701 -0.088952 -0.089921 0.036740 0.057158 -0.054362 -0.082438 -0.000852 0.057746 -0.096222 0.053238 -0.064015 0.017398 -0.099796 -0.022729 0.030120 0.039751 -0.083488 -0.043145 0.075667 0.037589 0.015390 -0.070954 0.042857 0.002394 -0.033345 0.072954 -0.062435 0.083410 0.008077 0.088669 -0.041720 0.007393 0.005847 0.036216 0.049849 -0.070542 0.064415 -0.031208 0.031419 -0.022609 -0.017747 0.045890 0.045433 -0.085905 -0.055478 0.061059 0.054854 -0.040205 0.022174 0.083813 0.017400 0.016946 -0.016809 -0.020471 -0.019658 -0.070645 0.098420 -0.039277 0.077846 0.011637 0.014674 0.005396 -0.067293 -0.057929 -0.095904 -0.083671 0.030214 -0.030160 0.086248 0.064528 -0.027201 0.085530 0.064921 -0.087653 0.060641 -0.063208 0.091071 -0.076032 0.082276 -0.048718 0.040859 0.030314 -0.068974 0.080674 0.040364 -0.041665 -0.077919 0.062347 -0.036064 -0.013214 -0.028990
Pesos Neuronio 9: -0.066760 -0.060566 -0.088012 -0.004273 0.080399 -0.085315 -0.083839 0.081981 0.048235 0.052826 0.084138 -0.054058 -0.072032 -0.009695 0.065263 -0.034227 -0.003407 -0.089726 0.043059 -0.017403 0.031010 0.060290 -0.039110 0.056108 -0.063440 0.089253 0.091533 -0.092387 0.002542 -0.093952 -0.043094 0.063201 0.066305 -0.098928 -0.081475 0.032951 0.035875 -0.002875 0.086902 -0.040410 -0.017326 0.016822 -0.033452 -0.032861 0.093804 0.077222 0.090245 0.054676 -0.080881 0.038081 0.075585 0.054418 -0.018773 -0.094307 -0.059704 -0.074129 0.024811 0.096511 -0.009469 0.082522 0.053729 0.090976 0.028605 -0.036309 -0.059611 -0.024888 0.055098 0.030156 -0.026404 -0.087716 0.024167 0.030830 0.092249 0.067478 -0.004498 0.067850 0.042083 -0.032534 0.096422 0.001635 0.054297 -0.050851 -0.046169 0.095816 -0.051489 0.014502 -0.074490 0.085907 -0.075152 0.088905 0.015314 0.062852 0.098267 -0.045489 -0.040845 0.077843 -0.034724 0.095615 -0.022678 0.098046 -0.000676 -0.058835 -0.007348 -0.094061 -0.015135 -0.062948 -0.064834 0.075907 0.019796 -0.017903 0.055778 -0.084791 -0.097915 -0.058071 0.039003 0.017292 0.079228 -0.018438 0.022145 0.019518
Pesos Neuronio 10: -0.086226 0.090224 -0.098678 -0.038638 -0.034839 -0.010484 0.002815 -0.093380 0.034862 -0.096513 -0.075091 -0.048216 -0.096724 -0.044479 0.047685 -0.014206 -0.048072 0.098289 -0.043745 -0.018348 0.011030 0.022472 0.057549 -0.051543 0.084090 0.033470 -0.049624 -0.046058 -0.018171 0.032750 -0.051673 -0.081363 -0.054725 0.068002 0.017299 0.039597 -0.076435 -0.033244 -0.024065 -0.085353 -0.060381 -0.085751 0.071360 0.070208 -0.068141 -0.087766 0.034960 -0.065980 0.095814 0.026584 -0.096458 0.044586 -0.085920 0.079011 0.037803 -0.067583 0.064208 0.091660 0.078672 0.001872 0.070949 -0.033644 0.011459 0.082073 0.081815 -0.001042 -0.031965 -0.077364 -0.074038 -0.095974 0.057396 0.047867 0.078614 0.044798 -0.082984 -0.049988 -0.046572 0.028156 0.022842 0.006349 0.026216 0.059702 0.039871 0.059631 -0.035519 -0.034816 0.087312 -0.031868 0.016831 -0.036464 0.065207 0.099249 0.017360 -0.086836 -0.062701 -0.075615 -0.014836 0.054469 0.024659 0.067040 0.071886 0.037867 -0.023539 -0.079049 -0.003648 -0.018256 -0.007226 0.097585 -0.001925 0.041273 0.071821 -0.067551 0.039759 0.015087 -0.010691 -0.083088 -0.090582 0.006028 0.022981 0.077604
Pesos Neuronio 11: 0.095396 -0.020231 -0.010702 0.007734 -0.045717 0.051352 -0.059575 0.021255 0.000183 -0.001579 0.027945 0.079132 -0.069827 0.021813 0.087013 -0.024619 -0.046619 -0.054402 0.088127 -0.025293 -0.083210 -0.067426 0.099861 0.058228 -0.050609 -0.064152 0.067258 0.022762 0.076842 0.027543 0.079830 0.051744 -0.048778 0.035470 0.082022 -0.034735 0.012578 -0.080467 -0.099908 -0.040022 -0.002603 -0.049043 0.086493 0.087685 0.049085 0.031719 -0.023185 -0.032461 0.060218 -0.022573 0.025260 -0.056440 -0.091931 -0.021081 0.071097 0.010698 0.009952 0.037972 -0.008193 -0.003520 0.008816 0.026896 -0.008437 0.089271 0.034836 0.028133 0.001732 -0.010962 0.062477 0.052136 0.056531 0.026071 -0.097443 -0.009225 -0.058173 -0.015346 -0.027541 -0.035387 0.021065 -0.099505 -0.050292 -0.028782 0.060712 0.032112 -0.048850 0.040312 0.063475 -0.074665 -0.021351 -0.026022 0.073729 -0.092137 0.083975 -0.000791 0.092284 -0.068865 -0.040205 0.054488 -0.095409 0.053378 -0.093371 0.037797 -0.068141 -0.086665 -0.094139 0.092927 -0.087325 -0.099725 -0.090173 -0.055687 0.049965 -0.031715 -0.031123 0.004783 0.060709 0.026613 0.037506 -0.046302 -0.093522 -0.004164
Pesos Neuronio 12: -0.029316 -0.057360 -0.031098 -0.029457 0.058892 -0.085011 -0.034618 -0.040148 -0.020289 0.068318 -0.048969 -0.054460 0.080721 -0.017104 0.055093 0.091612 0.080854 -0.017123 0.001342 -0.048714 -0.041109 0.074129 0.047580 -0.070739 -0.054352 -0.093389 0.037184 0.061657 0.012772 -0.078799 0.050170 0.045737 0.057079 -0.053087 -0.096540 -0.011735 0.044918 0.072027 0.088857 -0.067895 -0.092231 -0.038987 -0.031936 0.093055 -0.080609 0.044027 -0.022695 0.076689 -0.019319 -0.090945 0.030335 0.080307 0.088509 -0.008416 -0.021479 -0.056656 0.057552 0.068747 0.039784 -0.011951 0.071154 0.017624 -0.076878 -0.009860 0.023040 -0.094336 -0.092951 0.031856 0.026632 0.023338 0.030821 0.083986 -0.044110 0.047776 -0.036492 -0.088212 0.021308 -0.059978 0.062278 0.040082 0.039996 0.035505 0.093262 0.011653 0.067806 -0.071944 -0.000998 -0.071767 0.039497 0.041115 -0.015826 -0.025647 0.049852 -0.028792 0.043113 -0.001103 -0.040518 -0.071138 0.066131 -0.022869 -0.077728 0.011145 0.071492 -0.000621 0.014065 -0.016731 -0.070220 -0.045753 0.059345 -0.011744 -0.021375 0.096220 -0.052335 -0.066395 -0.018080 0.024275 0.043940 0.059232 -0.020626 -0.038702
Pesos Neuronio 13: 0.042549 0.029252 0.025879 -0.091121 -0.098066 -0.020332 -0.085560 -0.084398 0.084857 0.000577 0.051565 0.019963 -0.018568 -0.050206 -0.059113 0.030670 -0.073651 0.052936 -0.073297 0.000823 0.007901 -0.072568 -0.041507 -0.050793 -0.094768 -0.038359 -0.046846 -0.014032 0.024124 -0.070965 -0.045814 0.094423 0.057733 0.001845 0.057621 0.055158 -0.019624 0.050390 0.023901 0.084699 -0.003190 -0.078289 0.047141 0.074325 -0.068355 -0.090549 -0.004271 0.058720 0.088778 0.001338 -0.081406 0.007211 0.074263 0.058312 0.019245 -0.068593 -0.092668 0.040304 0.010581 -0.001385 -0.014541 -0.031761 -0.076276 0.014888 -0.002568 0.003839 -0.082979 0.081600 -0.012448 0.045082 0.006122 0.005035 0.038701 -0.072387 0.000565 -0.021066 0.098845 0.071482 -0.003631 0.079477 0.028546 -0.066059 0.039865 0.000517 0.009520 -0.044670 0.000270 0.033572 0.049666 -0.036342 0.059994 0.030383 0.057454 0.034436 -0.006160 -0.035921 -0.058636 0.088064 0.023773 0.008719 -0.079595 -0.026143 -0.052573 -0.054426 -0.085377 -0.090997 -0.063871 0.011956 -0.010036 -0.071571 0.050239 -0.097707 0.020538 -0.031019 -0.035348 -0.065261 -0.068151 0.090233 -0.064379 0.041942
Pesos Neuronio 14: 0.082191 0.075220 0.053888 0.094747 -0.009790 0.079069 0.043939 0.026681 -0.048620 0.045793 -0.030629 0.044029 -0.081369 0.091359 0.000245 -0.002482 0.095818 -0.058596 0.029532 -0.045615 0.004282 0.000970 0.002808 -0.089217 0.060113 -0.049443 0.077821 -0.001841 0.030477 0.055347 -0.033440 0.013189 0.080091 0.049196 0.064430 0.072666 0.053200 -0.087556 0.086510 -0.030508 -0.000650 -0.006868 -0.084244 0.024071 0.023607 -0.047807 -0.044388 -0.018174 0.082104 0.048404 -0.063038 -0.046015 0.062752 0.081704 -0.047077 -0.016345 0.037838 -0.003741 -0.023240 -0.017779 0.042422 -0.042350 -0.084940 0.067766 0.095536 -0.056015 0.073304 -0.015229 -0.093910 0.081724 0.038171 0.039482 -0.049256 -0.046977 -0.090162 0.020932 0.012011 0.092688 -0.050860 -0.039235 0.065691 0.008409 0.052177 -0.053006 0.031459 -0.012385 0.012131 0.084793 -0.061003 -0.049363 0.040387 0.077142 -0.067255 -0.035840 -0.031629 -0.066221 -0.039584 0.088835 -0.086339 0.047017 0.076669 0.088350 0.011552 0.061555 0.024249 0.056781 0.011861 0.001012 0.005352 0.099564 0.027354 0.073776 0.024159 -0.074564 -0.013407 0.032975 0.028788 -0.047518 0.004160 -0.098244
Pesos Neuronio 15: 0.014094 0.064886 -0.037022 -0.068041 0.032339 0.063511 0.061574 -0.060108 -0.022150 -0.021690 -0.087509 -0.001750 -0.077404 0.017501 0.075072 -0.014228 -0.053953 0.056645 0.068162 0.045186 0.098682 -0.094896 -0.018426 0.007274 0.043783 0.000580 -0.024203 -0.081798 0.076546 0.075576 0.092334 0.063826 0.074683 0.014632 -0.001906 0.034007 -0.057969 -0.075316 0.024251 0.098168 0.092215 -0.008167 -0.073888 0.095671 -0.008087 0.037224 0.082790 -0.043323 -0.058400 -0.047133 -0.000159 -0.080613 -0.079399 0.007182 0.031401 -0.057949 0.004697 -0.076507 -0.039175 0.055546 0.084921 0.016190 -0.065486 -0.038101 -0.056417 0.039910 -0.013445 0.080649 0.003343 -0.099985 -0.034903 -0.048421 0.034299 -0.007832 -0.014242 -0.040463 0.033025 -0.038918 -0.081820 0.038107 0.085625 0.046374 -0.087725 0.083156 0.083145 -0.058006 -0.007491 0.057864 0.055698 0.051992 0.073712 -0.008835 -0.019868 0.075424 0.091321 -0.010673 0.066509 0.086465 0.030109 0.089981 -0.062973 -0.040301 0.040674 -0.089750 -0.008814 0.069021 -0.024310 -0.047058 -0.062754 0.036516 -0.045033 0.087435 -0.055937 0.065154 0.062575 0.087896 -0.049433 -0.015471 -0.031871 0.003854
Pesos Neuronio 16: 0.070988 0.057489 -0.067685 -0.052238 -0.001500 -0.027077 0.042622 0.034503 0.018816 0.031382 0.045342 -0.041733 0.094469 0.010309 0.057527 0.064231 0.045220 -0.052526 -0.067440 -0.030408 0.003648 0.093614 -0.090972 0.036794 -0.087320 0.047699 0.003193 0.098051 0.008690 -0.004068 0.051053 -0.089385 -0.017460 -0.005247 -0.087932 0.001478 0.048325 0.035454 -0.000804 -0.030876 -0.065312 0.002061 -0.052223 -0.020915 -0.064001 -0.033567 -0.043115 -0.088354 -0.058084 0.058615 -0.070825 -0.054764 0.018569 -0.084270 0.086519 0.060955 0.063897 0.074047 0.038688 -0.058288 -0.093598 -0.070740 -0.027702 0.089861 0.010410 0.012447 0.094369 -0.043706 0.076866 0.004541 -0.025994 0.022540 0.074069 0.080014 0.071897 0.083098 0.018903 -0.079495 0.025632 -0.077927 -0.021807 0.053778 -0.059524 -0.012825 0.032548 -0.065094 0.063826 -0.090411 -0.057454 -0.035308 0.034591 -0.067004 -0.074254 0.049502 -0.046835 -0.095500 0.027015 0.088919 -0.064898 -0.057603 0.078038 -0.093179 -0.061004 0.007869 0.049448 0.037758 -0.004972 0.006527 -0.043448 0.025848 0.023981 0.059813 0.057912 -0.091654 0.065949 -0.085166 -0.033491 -0.055944 0.022855 0.092934
Pesos Neuronio 17: 0.023931 -0.031729 -0.079298 0.098580 -0.008468 0.056845 -0.022310 0.062820 -0.038348 -0.038623 0.062759 0.024596 -0.026814 -0.032682 0.049346 -0.089568 -0.039070 0.067872 -0.081574 -0.047919 0.038057 0.057195 0.023222 -0.074159 -0.017549 0.060434 -0.083833 0.051188 -0.022443 0.022898 0.078467 0.066002 0.053607 0.051079 -0.046308 0.022033 -0.048035 0.080494 -0.081617 0.060031 -0.045774 -0.037248 0.072370 -0.017706 0.019190 -0.040250 -0.083823 0.045028 0.013811 0.023365 0.078086 -0.097638 0.027124 0.082261 -0.034183 -0.042663 -0.008823 0.071171 -0.054459 0.016957 0.038035 -0.028753 -0.082654 0.057638 -0.082353 -0.071974 0.084591 0.063029 0.006969 -0.056829 0.036062 -0.039030 -0.083526 -0.070626 -0.049078 0.053917 0.021564 0.036908 -0.036106 0.028525 0.023275 0.011819 0.077525 -0.059529 -0.089371 0.053462 -0.007185 0.061363 -0.080920 -0.080105 -0.017321 0.055044 -0.031519 0.010361 -0.036029 0.046535 -0.058434 -0.032892 -0.090219 0.060236 0.067165 -0.058434 0.005578 0.066316 -0.059693 0.077802 0.095045 0.034871 0.044465 -0.003010 0.011640 0.095777 0.093795 -0.005963 -0.061380 -0.087837 0.019833 0.062585 0.045031 -0.071265
Pesos Neuronio 18: 0.014589 -0.000090 0.093664 -0.029827 0.068565 -0.045776 -0.017289 0.053521 0.061354 0.010741 0.077637 -0.036131 0.075081 -0.089421 -0.020217 0.092786 -0.058159 -0.096725 0.043306 -0.074028 0.033205 0.063503 0.034083 0.029643 0.037268 -0.081231 -0.013469 0.075579 -0.088640 0.040651 -0.098467 -0.045512 -0.093286 -0.052214 0.053856 0.072200 0.033179 0.021763 0.005608 -0.051820 0.035557 0.070221 -0.093439 -0.004398 -0.002290 0.049544 -0.062949 0.067014 0.061998 -0.053671 0.020902 -0.007745 0.056230 -0.072131 -0.067185 -0.013591 0.029883 0.084143 0.088726 0.027120 0.001817 0.015065 -0.051339 0.099209 0.036583 -0.072402 0.052456 0.040635 -0.096574 -0.075762 0.080560 0.035938 0.047291 -0.091906 -0.066340 -0.006502 -0.072615 -0.006174 0.009482 -0.034755 -0.048411 -0.003416 0.070391 0.043510 0.033475 -0.077330 0.057177 -0.010662 -0.039074 -0.054184 -0.002082 0.006498 -0.046563 0.037626 -0.007863 0.000132 0.043693 -0.019329 0.013525 -0.007567 -0.027545 0.044689 0.039113 0.045849 0.099054 -0.061641 -0.003756 0.063199 -0.078058 -0.040952 -0.072457 -0.049875 -0.099859 -0.021260 -0.087795 0.048981 0.047498 0.056082 -0.080448 -0.074380
Pesos Neuronio 19: -0.098088 0.014552 -0.029928 0.069237 0.019232 0.051209 0.015579 -0.075622 0.067088 0.072758 -0.099368 0.008123 -0.024259 -0.064345 -0.026901 -0.094172 -0.015757 -0.044137 -0.041003 -0.099119 0.038118 0.090401 0.046516 0.009782 -0.042958 0.035550 0.097115 -0.072044 -0.062840 0.012668 -0.051870 -0.060795 -0.098058 -0.099043 -0.051083 0.076407 0.090289 0.083539 -0.057837 0.001349 0.014930 -0.097758 -0.042793 0.071621 -0.033766 0.008339 -0.019358 0.050179 0.020434 0.027128 -0.006991 0.024503 0.057786 0.010001 -0.060215 -0.035847 0.011119 -0.042041 -0.058474 0.080956 -0.061483 -0.093664 -0.080277 -0.028262 0.074665 -0.064263 -0.075815 -0.039558 0.034083 -0.025815 0.054494 -0.005428 0.027297 -0.079906 -0.097561 -0.019249 -0.043582 0.099054 0.030180 -0.083653 -0.037302 0.093343 -0.049548 0.048607 0.049771 0.033862 -0.056585 -0.017259 0.090100 -0.024609 -0.067577 -0.083305 0.040694 -0.071524 0.073455 -0.020273 0.012978 -0.027985 0.054113 0.008650 0.025688 0.055291 0.034257 0.043476 -0.024757 0.088317 -0.098938 0.003963 0.043725 -0.051731 0.039816 -0.092105 0.090940 0.048550 -0.050486 0.054645 -0.055420 0.094336 0.022629 -0.099954
Pesos Neuronio 20: 0.066052 0.023133 0.055843 0.088498 0.025846 0.000163 0.097887 0.084735 -0.051072 -0.001471 -0.077276 -0.048012 0.056419 -0.092704 0.050013 0.089718 0.009395 -0.075120 -0.011839 0.091157 -0.076262 -0.049530 -0.062044 -0.032378 0.065591 -0.029334 -0.043808 0.096570 -0.070590 -0.054938 0.019743 -0.015994 -0.015388 -0.056937 0.068600 -0.059017 -0.066384 -0.090156 -0.071294 -0.046026 -0.077029 0.046458 -0.032248 0.083328 -0.035614 -0.028114 0.028091 -0.070311 -0.075940 -0.077254 0.068774 -0.034446 -0.021530 0.028980 0.073225 -0.054555 -0.059489 -0.075521 0.027499 -0.012424 0.053412 0.059291 0.091599 0.075902 0.043322 0.033772 -0.080207 -0.084330 -0.090040 0.027186 -0.033344 0.060375 0.064360 -0.096524 -0.025482 -0.011587 -0.049191 0.015269 -0.022212 -0.098109 -0.014220 0.067615 -0.006264 -0.049927 0.080967 -0.067664 0.018110 0.066959 -0.032040 -0.012962 -0.089180 0.057052 -0.065118 0.035332 -0.056208 0.019023 -0.065740 -0.028027 -0.079389 -0.078970 -0.016719 -0.011000 -0.069281 -0.012627 -0.024722 -0.035342 0.076742 0.066811 -0.004913 0.080137 0.084672 0.044763 0.091818 -0.043162 0.031142 0.040241 0.087129 -0.065919 0.039783 0.076362
Pesos Neuronio 21: -0.069763 -0.077132 0.078324 0.054631 -0.081302 0.082441 -0.088385 0.039995 0.097706 0.031890 -0.040204 0.074062 0.028372 0.009951 -0.046858 0.006800 -0.064876 0.020527 0.011650 -0.049213 -0.044555 -0.062297 0.098812 -0.065780 -0.094693 -0.027879 0.026127 0.043993 -0.053938 0.019410 -0.093840 -0.020047 0.019961 -0.089541 -0.056413 0.090604 -0.057636 -0.029112 0.066688 -0.016111 -0.042959 0.064818 0.035671 0.049531 -0.068954 -0.050483 -0.064168 -0.044162 0.078347 0.095670 -0.048635 -0.043220 -0.005965 -0.090417 -0.074160 0.001832 0.052086 -0.086365 0.060487 -0.051322 0.056923 0.065877 -0.076786 -0.028033 0.044697 -0.067417 0.074897 -0.079361 0.068160 0.094170 0.076116 -0.012783 -0.049015 -0.087861 -0.063483 -0.077205 0.079904 -0.026103 0.041009 -0.059545 -0.065341 -0.093465 0.007059 0.096733 -0.051256 0.025326 0.032540 -0.011595 0.072224 -0.084070 -0.063218 -0.010805 0.028999 0.082392 -0.062156 0.022856 0.075960 -0.001975 -0.074368 -0.057359 0.090950 0.031387 0.057582 -0.039619 -0.041137 0.033545 -0.062686 0.072933 -0.081302 0.064528 -0.081089 -0.046077 0.020808 0.063120 -0.075919 -0.006950 -0.099162 -0.017554 -0.077131 0.050604
Pesos Neuronio 22: -0.033835 0.018498 0.034473 0.051677 0.096161 0.035388 0.006790 0.028589 -0.060414 0.097766 -0.024496 -0.080126 0.098801 -0.067986 -0.050888 -0.022188 -0.066605 0.002183 0.000948 0.049301 -0.092961 0.082989 0.026144 -0.061558 -0.028051 0.044930 -0.012835 0.092563 -0.070066 0.089077 0.025063 -0.016990 -0.023274 0.066099 0.013589 -0.003566 0.059131 0.084698 0.056694 -0.015853 0.020917 0.056713 -0.050085 -0.008340 0.022982 0.028399 0.068842 -0.090819 0.092871 -0.055537 0.090058 0.048005 -0.075805 -0.024801 -0.041721 0.048712 -0.077318 0.067872 -0.003858 0.087966 -0.036591 -0.042957 0.000399 -0.087885 -0.010031 -0.019899 0.054417 0.003200 0.009569 0.006724 -0.028952 -0.046308 -0.002732 -0.086526 0.008850 -0.018931 -0.076484 -0.030928 0.063547 0.010673 0.073133 -0.034733 0.073558 0.077957 0.050983 -0.003921 -0.044096 0.020472 0.069931 -0.093884 0.086298 0.062068 -0.084645 -0.077586 0.081871 0.040140 0.005837 0.060966 0.049749 0.057566 0.093033 -0.061682 -0.008644 -0.073812 -0.074678 -0.043508 -0.058121 -0.006782 -0.021604 0.078749 0.013587 -0.013926 0.067873 0.078256 0.054389 -0.072315 -0.063648 0.038919 -0.067849 -0.084910
Pesos Neuronio 23: -0.001468 -0.001247 -0.052754 0.025230 0.069154 -0.073820 -0.018341 -0.062278 -0.095878 -0.088852 -0.053857 0.049900 -0.075762 0.064478 0.046655 0.057043 -0.005200 -0.072001 -0.037142 0.002983 -0.036016 0.003203 -0.019302 0.033820 -0.055588 -0.068046 -0.097480 0.069463 0.033940 -0.049834 -0.029785 0.053060 0.095395 -0.056117 -0.089740 0.053388 0.025804 0.067461 -0.019124 -0.036818 -0.054120 0.010493 0.041619 0.013650 0.072828 0.059986 0.096236 -0.086957 0.080668 0.010120 0.015627 -0.009216 -0.075263 -0.039430 0.033983 0.003758 -0.092864 0.036059 -0.076211 -0.099703 0.019457 0.068155 -0.089239 0.039947 -0.085756 -0.037380 0.045757 0.054632 0.000881 0.006720 -0.063774 0.075686 0.033815 0.097074 -0.006012 0.036817 -0.008442 -0.056172 0.051119 0.036153 0.019695 0.084439 -0.003012 -0.073676 0.032565 0.050374 0.019247 0.012380 -0.084174 -0.065202 0.084361 -0.067354 -0.077022 -0.059997 0.014760 -0.066971 -0.095396 -0.076039 0.027673 0.079767 0.065109 -0.035251 0.057024 -0.055564 0.066129 -0.088100 0.048267 -0.093967 0.010341 -0.093827 0.068004 0.049682 0.097799 0.063452 -0.025374 0.087402 -0.050123 -0.001459 0.008073 -0.019161
Pesos Neuronio 24: -0.033643 0.005449 -0.045128 -0.070111 -0.064100 0.067959 0.085644 0.054430 0.061538 0.006993 0.063890 0.054816 -0.064192 0.023022 -0.010992 0.062227 -0.091816 0.065915 -0.024746 -0.011897 -0.002993 0.043813 0.015519 -0.003452 0.013797 -0.008497 -0.022734 0.011558 0.069831 -0.035985 0.046187 -0.022698 0.018243 -0.035688 0.029335 -0.082514 0.083287 0.027845 -0.035985 0.027914 0.093546 -0.025931 -0.085927 0.021077 -0.082706 -0.012576 0.017120 -0.088320 0.055401 -0.011144 0.072228 -0.081096 0.010250 -0.033642 0.070349 0.059202 -0.083278 0.093259 0.014606 -0.068905 0.053632 -0.076109 -0.097880 0.036457 0.016748 0.087811 -0.040458 0.093368 0.012981 0.041156 0.033862 -0.014652 -0.035260 -0.006368 0.020933 -0.068659 0.006387 -0.076330 0.003992 -0.064327 0.073884 0.014238 -0.033347 -0.022709 0.028116 0.096526 0.025163 -0.062279 0.016545 -0.091208 -0.004701 0.020806 0.021593 0.097554 -0.088031 -0.085574 0.042709 0.011983 0.033287 0.004689 0.025235 0.035312 -0.080781 0.058468 -0.071642 0.024919 -0.086243 -0.014687 0.095232 0.082122 -0.036686 0.003955 -0.075585 -0.046892 -0.000111 -0.024420 0.088667 -0.082684 -0.028908 -0.052377
Pesos Neuronio 25: 0.019012 -0.000483 -0.032125 -0.093428 -0.076626 -0.060879 -0.063291 0.013271 0.030849 -0.065588 0.034944 0.016214 -0.030035 -0.043260 0.000230 0.017496 0.075586 -0.045011 -0.052706 0.026831 -0.080545 0.093147 0.072620 0.019119 -0.048130 -0.062668 0.017391 -0.073953 -0.081478 0.011031 -0.002705 0.038736 -0.046388 0.068025 -0.019290 0.014793 0.053152 -0.052251 -0.035858 0.075519 0.035857 0.007953 -0.060956 -0.085133 0.025301 0.012462 0.005861 0.056435 -0.010632 -0.056335 -0.086837 0.053899 0.008547 0.093523 -0.035940 0.095297 0.039927 -0.039912 0.088342 -0.063288 0.059773 -0.019001 -0.012732 0.054514 -0.006098 -0.061570 0.031709 0.013436 0.044351 -0.058800 -0.064012 0.019028 -0.099959 0.092174 0.076984 0.048881 0.077945 0.017917 -0.072789 0.022437 0.010729 0.053964 -0.092710 -0.081357 0.013662 0.081883 -0.036594 0.079071 0.032563 0.018210 0.079994 0.099419 0.059882 -0.073147 -0.017207 0.089946 -0.091470 0.070246 0.065334 -0.048465 0.014834 0.068391 -0.010818 0.015525 0.017170 -0.065189 -0.086969 0.003349 -0.016166 0.015273 0.076056 -0.014009 -0.027324 -0.068827 0.020214 0.080998 0.036186 -0.007499 -0.093621 0.029373
Pesos Neuronio 26: 0.054244 -0.016088 -0.008433 0.094097 -0.058173 0.047320 0.092071 -0.056924 -0.036252 0.097401 -0.029850 -0.077604 -0.042399 0.082373 -0.002757 -0.065787 0.007705 0.001718 0.032671 0.025208 0.019939 -0.030875 0.004500 -0.035821 0.031349 0.087494 -0.041829 0.020932 -0.087271 0.060622 0.007804 0.048885 -0.002479 -0.076119 0.081077 -0.081788 0.062091 -0.038514 -0.008237 0.007609 0.061496 -0.082665 -0.001464 0.037684 0.089611 0.084007 0.030948 0.008051 0.063146 0.023095 0.024096 0.088323 0.065408 -0.024296 0.072605 -0.032884 0.008396 -0.096845 -0.030041 -0.042749 -0.056939 -0.022557 -0.064552 0.073710 -0.024315 0.078032 0.010206 0.013497 0.089364 0.008444 -0.053518 0.028008 0.002703 0.079332 -0.096140 -0.065842 -0.029672 0.095002 0.050722 -0.083463 -0.070714 0.061868 -0.031586 -0.081780 0.075978 -0.016505 -0.051283 -0.092139 -0.088962 -0.021811 -0.036341 -0.038243 -0.042279 -0.008834 -0.088632 -0.077177 -0.016132 0.039690 -0.073897 -0.060812 -0.003272 -0.066824 0.041858 0.092166 -0.029863 -0.038990 -0.015532 -0.003186 0.092572 0.019395 0.042604 -0.033274 0.096532 0.089820 0.069006 -0.023813 -0.096221 0.031870 -0.078364 0.000690
Pesos Neuronio 27: -0.008172 0.079902 -0.066165 0.010116 -0.038822 -0.080656 -0.083522 -0.009737 -0.061298 -0.089000 0.043886 -0.030596 0.000525 -0.069635 -0.079548 -0.020737 -0.012244 -0.066167 0.062040 -0.056900 0.025260 -0.021483 0.075466 0.059543 -0.023600 0.009332 -0.066032 0.005005 -0.001154 -0.072259 -0.037431 0.050354 0.043141 -0.061372 0.021505 -0.065715 0.022585 -0.055262 -0.099238 -0.025225 0.077887 -0.050800 0.036044 -0.037279 0.099442 0.049197 0.095420 -0.078703 0.031132 0.085594 0.030212 0.083553 0.033020 0.032793 0.073972 0.022304 0.035923 0.071020 -0.087763 -0.044485 0.059001 -0.082651 0.093367 -0.069202 -0.032216 0.043683 0.080695 -0.061758 0.087499 0.067510 0.060859 -0.079389 -0.034088 0.036613 0.012000 0.045673 0.043469 -0.005596 0.051738 -0.080688 -0.071153 -0.007337 0.000708 -0.027039 0.038565 0.003565 0.075592 -0.010927 -0.086429 -0.018856 -0.084368 0.052275 -0.004112 0.098209 -0.032480 0.051055 -0.007697 0.075262 -0.046081 -0.062298 0.093562 -0.006776 -0.008387 -0.003346 0.077007 -0.077886 0.066422 -0.078701 0.058477 0.080709 -0.077383 -0.096181 0.060232 -0.067268 0.056269 -0.089253 0.072524 0.057567 0.092634 0.025077
Pesos Neuronio 28: -0.045201 0.089639 0.022668 0.097770 0.065027 0.049498 -0.023258 -0.005808 -0.042932 -0.064241 -0.080039 -0.039397 0.048887 0.012440 -0.015677 -0.084864 0.097718 -0.095554 0.019065 0.020631 -0.026338 0.017827 -0.088791 -0.074854 -0.048633 0.047588 -0.006482 0.067375 -0.054400 -0.017593 0.039409 0.016391 -0.098422 -0.003099 0.004714 -0.000845 -0.077276 0.067084 0.082611 -0.025778 0.018045 -0.089823 -0.084474 0.089951 -0.071105 0.044475 0.075581 -0.087623 -0.076593 0.029812 -0.060003 0.051619 -0.005275 -0.082288 0.001110 0.045395 0.036422 -0.081356 -0.028305 -0.098265 -0.094478 -0.079461 0.069016 0.083093 -0.018333 -0.010877 -0.002007 0.053288 0.066768 -0.062229 -0.085138 0.063692 -0.055965 0.030541 0.085065 -0.068915 0.019553 -0.069868 -0.004389 0.094773 -0.082870 -0.060062 -0.023238 0.053839 -0.058608 -0.016177 -0.095688 -0.088370 -0.011495 -0.035913 0.041865 0.044281 -0.000423 -0.074173 0.024736 -0.074339 -0.047357 0.018905 -0.055132 0.039544 0.019729 0.007091 -0.040334 0.026972 0.022730 -0.037101 0.003235 0.090891 -0.040076 0.087559 -0.072979 -0.077748 0.096695 -0.064724 0.043684 -0.013319 0.088778 0.071394 -0.012717 0.080462
Pesos Neuronio 29: 0.080406 -0.024228 -0.064935 0.005217 0.047752 -0.015391 0.009449 0.096627 0.020835 0.077710 0.007871 0.009553 -0.056290 0.068819 0.092773 0.032343 -0.084334 0.065394 -0.007521 -0.090906 0.061658 -0.081331 0.008086 -0.017653 -0.064936 -0.038573 0.000222 -0.013960 0.000791 -0.026358 0.000940 -0.037785 0.076379 -0.000072 0.009498 0.087606 0.051144 -0.078542 -0.097570 0.078843 -0.012057 0.048946 0.075277 0.039209 -0.031217 -0.082646 0.027810 0.070895 -0.031034 0.052137 0.004345 -0.023308 -0.018098 -0.057790 0.026068 -0.039203 0.013066 -0.060900 -0.083041 0.061608 -0.062936 0.022544 -0.030805 -0.023611 -0.045187 -0.079723 0.089442 -0.095934 -0.052916 -0.092655 0.057844 -0.026699 -0.088129 -0.058603 0.039137 -0.027040 -0.095682 0.087596 0.065755 0.099503 0.005140 -0.013739 -0.015689 -0.003978 0.072066 -0.093129 -0.031874 0.021821 -0.092441 0.056194 -0.006941 0.076461 0.009799 0.054959 0.011523 0.028140 -0.010409 -0.034504 0.077530 -0.013844 0.049054 0.022577 -0.095501 0.007199 -0.089889 -0.085417 -0.006315 -0.019064 0.092908 -0.083246 0.053471 -0.094360 0.084215 -0.051274 0.037480 -0.035882 -0.002970 0.080998 -0.078404 -0.036699
Pesos Neuronio 30: -0.010852 -0.015381 -0.044353 -0.025486 0.007678 -0.023720 -0.012527 -0.077072 -0.008963 -0.032529 0.011728 0.010791 -0.017909 0.028566 -0.041904 -0.006856 -0.053852 -0.013470 -0.098253 -0.003011 0.084123 -0.099204 0.009778 0.058402 0.010503 0.097874 0.039954 0.012068 0.042868 -0.002135 0.040902 -0.033802 0.095189 0.053261 -0.087227 -0.081688 0.057812 -0.065997 -0.020299 0.044562 0.098023 0.005490 -0.002596 -0.030810 -0.055237 -0.024601 -0.099327 0.048214 -0.097496 0.033390 -0.002493 -0.078396 -0.055022 0.009308 0.081778 0.099326 0.070463 -0.096973 0.080478 0.099939 0.070326 -0.037225 0.046827 -0.091391 0.097779 0.021859 0.085833 0.094071 -0.022426 -0.095058 0.036948 -0.024725 -0.066867 0.084186 -0.031551 -0.056456 0.086676 0.090298 0.004137 0.068833 0.002783 0.042491 -0.056039 0.020001 -0.001187 0.019869 -0.032457 -0.012113 0.031559 0.084158 -0.089892 0.021919 0.004133 -0.097660 -0.033282 0.049653 0.086246 -0.041476 -0.068254 0.097539 0.023436 -0.049104 -0.041795 -0.065230 -0.027709 0.062095 0.083106 -0.050566 0.044293 0.094269 -0.045981 -0.065926 0.092763 0.023241 0.094177 -0.029643 0.098795 -0.037818 0.013171 0.011204
Pesos Neuronio 31: 0.065099 -0.072438 0.033479 0.087315 0.057274 -0.048427 0.034563 0.088723 -0.046345 -0.025349 0.090843 0.071069 -0.074202 -0.004292 -0.073718 0.029679 0.072063 0.017123 -0.074060 -0.055186 -0.050187 0.071848 -0.078955 0.069708 -0.051073 0.092039 -0.004551 0.020759 -0.001876 0.048477 -0.062013 -0.085507 0.068029 0.029395 0.049434 0.040168 -0.097577 0.045918 0.084344 -0.072992 -0.090439 -0.098762 -0.023954 0.043667 -0.076508 -0.025311 -0.057614 0.080788 -0.096146 0.071685 -0.062158 -0.087763 0.019395 0.059795 0.027790 0.088066 -0.039608 -0.015769 0.036043 0.000169 0.029811 0.060068 0.094218 -0.021796 0.006370 -0.047775 -0.092441 0.043146 -0.088645 -0.073972 -0.024234 0.038804 0.084200 -0.096304 -0.069212 0.020051 -0.058729 0.044268 0.001011 -0.065297 0.066556 -0.034133 0.038905 0.012702 -0.051259 0.071418 -0.074203 -0.084848 -0.051265 -0.066299 0.067137 -0.073581 -0.019562 -0.056672 0.042823 -0.028055 0.005332 -0.052510 -0.062341 -0.064259 0.029761 -0.054727 -0.071713 0.003063 -0.073152 0.064701 0.093984 0.078261 -0.048584 0.048174 -0.086084 -0.099345 0.084561 0.075429 -0.071819 -0.066616 -0.033573 0.088063 0.032932 -0.017526
Pesos Neuronio 32: 0.019117 0.099019 0.010199 -0.026691 0.061389 -0.045984 -0.016017 -0.052054 -0.081657 0.043948 -0.041817 -0.073040 -0.074749 -0.088646 0.087188 -0.067869 -0.010191 0.044381 0.046206 0.068595 -0.001872 -0.063799 -0.029859 0.012259 0.093315 -0.087048 0.007266 -0.063079 0.084204 -0.066879 0.069490 -0.026482 0.027767 -0.007100 -0.072381 0.037004 0.097093 -0.054482 0.096872 0.036898 -0.063113 -0.023409 -0.069226 -0.073999 0.004817 0.092655 -0.027863 -0.003992 0.098851 0.060066 -0.001065 -0.073445 0.022293 -0.053077 -0.023068 0.071582 -0.079197 0.050952 0.010045 0.050133 0.040641 -0.028172 -0.086095 0.033542 0.011641 0.008561 -0.002525 0.052378 0.074548 -0.071610 0.098526 -0.035901 -0.007450 -0.087428 -0.055435 -0.037794 -0.088070 0.044106 -0.046415 -0.080576 -0.002667 0.024207 0.023280 0.058092 0.061266 -0.046885 0.062241 -0.002881 -0.027886 -0.029356 -0.081920 -0.024490 -0.028699 0.073647 -0.001501 -0.020057 0.043562 -0.050190 -0.037878 0.097809 -0.056468 -0.042719 0.045739 -0.021025 -0.061048 -0.099844 0.045329 0.072967 0.075785 0.054839 0.011287 -0.020030 0.074284 -0.080435 -0.037222 -0.019415 0.035889 -0.068551 0.094929 0.094715
Pesos Neuronio 33: -0.045559 -0.011739 0.085604 -0.047571 0.094491 0.059571 0.033231 -0.038444 0.084817 0.033008 0.059423 -0.018990 -0.002970 -0.040731 0.043523 0.036111 0.070733 0.016642 -0.000527 0.088880 0.011382 0.044014 0.038921 0.053214 -0.094122 0.079187 -0.047591 -0.087090 -0.065763 -0.062936 -0.023253 -0.000028 0.078665 -0.079801 0.053645 -0.024737 0.051634 -0.091818 -0.004373 0.076729 0.002203 -0.063035 0.009741 0.071744 -0.000199 -0.005673 0.038009 -0.038447 0.099681 0.033794 -0.050088 0.091925 0.063144 -0.036683 0.055634 -0.052832 0.092825 -0.025464 -0.092369 0.017002 0.012215 -0.074315 -0.095289 -0.005431 -0.034159 0.028195 -0.028431 -0.067367 0.061725 0.084881 -0.078053 0.078529 -0.055474 0.053543 0.050802 -0.051759 0.003611 0.096514 0.006655 -0.069374 -0.091633 0.097235 0.092121 -0.031199 0.067465 0.065818 -0.086385 -0.081702 -0.086778 -0.091207 -0.003831 -0.055780 0.030175 0.065141 0.089700 0.047468 0.016602 -0.066581 -0.012730 -0.005497 -0.002435 -0.049310 0.035697 -0.097806 0.004024 0.072484 -0.032230 -0.093667 0.044392 -0.063934 -0.084909 -0.078705 -0.003064 0.098640 -0.030534 -0.092569 0.024236 0.056381 -0.022872 0.004260
Pesos Neuronio 34: 0.038230 0.026449 0.083043 -0.091971 0.040508 -0.096345 -0.002241 0.046150 -0.036796 0.095969 0.061203 -0.044508 -0.020110 0.029708 0.067654 -0.066195 0.085164 -0.093654 -0.082446 -0.006346 0.041104 -0.090429 -0.076513 0.054074 -0.068304 0.053377 0.026466 0.019666 0.004406 -0.079993 -0.023516 -0.076788 -0.059660 -0.001000 -0.030049 0.072202 0.005482 -0.082925 0.090195 0.006981 0.056418 -0.016815 -0.037797 0.095601 -0.098810 0.098445 -0.046558 0.072551 -0.028492 -0.043417 0.004843 -0.040345 -0.078618 0.093667 -0.051615 -0.009462 0.030195 -0.095385 -0.037635 0.039168 -0.056227 0.085208 0.064854 -0.085556 -0.062861 -0.053431 -0.043919 -0.019639 -0.050511 0.054225 0.052572 0.037001 0.089870 -0.004949 0.073537 -0.040620 -0.084620 -0.010082 -0.035498 0.005288 0.000263 -0.086859 -0.099512 -0.085947 0.054459 -0.040619 -0.099638 0.036053 -0.020255 0.068141 -0.045742 0.067025 -0.037540 -0.064693 -0.034594 0.017463 0.024935 -0.026722 0.061954 -0.051002 -0.088743 0.051644 0.044071 -0.001748 0.022831 0.077626 0.097418 0.017573 0.050270 -0.022523 0.074181 0.001433 0.034089 -0.025332 -0.000271 0.041308 -0.059541 -0.028076 -0.091594 0.096544
Pesos Neuronio 35: 0.081722 -0.071583 0.081713 -0.064242 -0.031875 0.079162 0.028538 0.039434 0.035073 0.001422 0.007376 -0.080182 -0.088118 -0.044951 0.077636 0.090135 0.037737 0.060476 0.076164 -0.001538 -0.037114 0.031140 -0.082773 -0.097034 0.077360 0.027496 0.017935 -0.072654 0.037703 0.090459 0.028880 0.076550 0.068137 -0.082428 -0.044238 -0.033198 0.076880 -0.096092 0.026949 0.065675 -0.057070 -0.081022 -0.084699 0.023401 0.064633 0.001523 -0.030168 -0.036180 0.067797 -0.034166 0.042986 0.077444 0.002517 0.073561 0.045131 -0.066499 0.058737 0.017937 -0.061046 -0.081347 0.075447 0.087783 0.010129 0.081901 0.069270 0.025173 0.083946 -0.081954 0.029876 -0.043339 0.008649 0.003722 -0.084481 -0.007813 -0.041264 -0.040557 0.095319 -0.077157 0.051567 0.075870 -0.033978 0.083855 0.002572 -0.080408 -0.054275 0.027940 -0.080662 0.037165 0.010944 0.022293 -0.073898 0.057471 -0.021257 -0.028178 -0.090528 0.010707 -0.070457 0.092316 -0.005438 -0.052849 0.048304 0.068240 -0.046957 0.080234 0.050381 -0.093532 -0.083989 0.048915 -0.016103 0.088839 -0.088145 -0.093563 0.015231 0.078087 -0.056297 -0.073632 0.062788 0.063462 -0.020002 0.098423
Pesos Neuronio 36: 0.042969 -0.026826 -0.050004 -0.043198 -0.037675 -0.033671 0.051708 0.007505 -0.013791 0.020145 -0.083134 -0.064441 -0.027305 -0.037048 0.012064 0.000908 -0.055577 -0.069937 0.085037 0.075010 -0.087185 0.051819 0.026441 0.069860 0.047844 0.003309 0.032596 -0.086012 -0.017657 -0.025816 0.076501 0.089054 -0.062421 -0.045384 0.072471 0.028211 -0.011251 0.064226 0.085777 0.053598 0.080903 0.054985 -0.074726 -0.084805 0.066460 0.089610 0.085950 0.083014 -0.041351 -0.093519 0.085626 0.087684 0.040551 -0.005622 -0.025437 0.011833 -0.053293 0.077104 -0.018240 0.092242 0.087909 0.000552 0.006148 0.024571 -0.095819 -0.008593 -0.064841 -0.088182 0.079694 -0.065888 0.002726 -0.095323 -0.091897 -0.060897 0.088722 -0.097250 -0.064931 0.078144 -0.031685 -0.005754 0.058380 -0.061313 0.051236 -0.036336 -0.054600 0.050212 0.000558 -0.087400 0.099980 -0.012121 -0.057296 0.075122 -0.034955 0.029764 -0.090522 -0.019954 -0.035980 0.063226 -0.025991 -0.039408 0.091627 0.011878 0.005539 -0.041592 0.011447 0.059002 -0.086826 0.073333 -0.004324 -0.013989 -0.092525 -0.002753 0.042344 0.093439 0.006219 -0.074998 -0.089797 0.053606 -0.063473 0.096839
Pesos Neuronio 37: -0.068424 0.034518 0.044931 0.039889 -0.068480 -0.025483 -0.076671 -0.098114 0.021840 0.044264 0.023302 -0.007285 -0.034280 -0.099892 -0.007349 0.094978 -0.036686 -0.091943 0.085856 -0.015679 0.025807 0.086503 0.094879 0.041262 -0.007687 -0.009262 0.076541 0.055585 0.047324 -0.068100 0.011794 -0.021022 0.072449 0.066197 0.060068 -0.005442 -0.068553 -0.020545 -0.019819 -0.081169 0.074450 -0.080735 -0.006430 0.065309 -0.020200 -0.068281 0.016939 -0.006291 0.029043 -0.040019 0.094391 0.067561 0.080589 0.000202 -0.022725 -0.087677 0.015294 -0.025307 0.040068 0.031177 0.059393 -0.017509 -0.096071 0.098151 0.045159 -0.015008 -0.068428 0.006437 0.053774 -0.078638 0.029924 0.094332 -0.031009 -0.074339 0.026533 -0.028931 -0.032688 0.018001 0.087497 -0.031188 0.026485 0.035239 -0.095569 -0.020824 -0.077440 -0.026779 -0.088443 0.057165 0.048432 0.098651 0.035405 0.053671 0.044946 -0.043990 -0.016102 0.029808 0.023924 -0.085096 0.078042 -0.047694 -0.068178 -0.040717 -0.037668 -0.009251 -0.002638 -0.062892 -0.002657 -0.022599 -0.065151 0.093956 -0.026720 -0.005696 -0.074130 -0.014040 -0.046603 -0.099373 -0.062041 -0.082377 -0.066241 -0.093651
Pesos Neuronio 38: 0.030463 0.027145 0.092938 -0.001561 0.055587 -0.001463 -0.020808 0.018346 -0.081724 -0.048031 0.083896 -0.089553 -0.099031 0.022540 0.053866 0.011831 -0.046147 0.052406 -0.035724 0.085403 -0.068690 -0.018624 -0.000999 -0.018158 0.058685 0.083201 -0.086081 0.011719 0.068983 -0.022322 0.015843 0.090693 -0.021269 0.090792 0.001517 -0.046249 0.015555 0.029156 -0.083892 -0.093050 -0.093107 0.016850 -0.020723 0.037816 0.001644 -0.020103 -0.011485 -0.029037 0.023967 0.051304 0.000266 0.042058 -0.087039 0.067084 0.088838 -0.028683 -0.067699 0.019455 -0.029439 -0.055470 -0.010932 0.085591 0.070152 -0.094788 0.014197 -0.008688 0.009804 -0.057302 0.013895 0.029566 0.008370 0.069774 0.016826 -0.028958 0.084642 0.060613 0.022523 -0.066230 -0.046821 -0.086189 -0.073650 -0.025104 0.001480 0.035646 -0.066478 -0.092451 -0.052659 0.001783 -0.050063 -0.005023 0.029334 -0.002599 -0.073891 -0.015987 -0.048325 0.008906 0.076306 -0.037354 0.038726 -0.004800 -0.052236 -0.038251 -0.071801 0.033734 0.046241 -0.037452 -0.054185 -0.008533 -0.040469 0.005562 0.080956 -0.052906 -0.001728 0.014412 0.004103 -0.035536 -0.091087 -0.077403 -0.069408 -0.011098
Pesos Neuronio 39: -0.045268 -0.049095 0.070086 0.061841 0.055626 0.093445 -0.010847 -0.001593 -0.026348 0.072371 -0.080533 -0.066463 0.033550 0.078935 -0.092503 -0.026056 0.076833 -0.026174 0.012803 -0.014191 0.089196 -0.050354 -0.051191 -0.023014 -0.005425 -0.070311 0.064036 0.061153 0.096296 -0.030489 -0.039221 -0.090030 0.011766 0.028609 0.069796 -0.092585 -0.081779 0.047885 0.027693 0.033478 -0.084975 -0.015496 -0.041498 -0.080189 0.032568 -0.044544 -0.095970 0.043085 -0.023986 0.071104 0.047619 0.037101 -0.043924 0.018752 0.010522 0.012530 0.072277 0.001949 0.084769 0.068476 0.077287 -0.003319 -0.006190 -0.095247 -0.017482 0.098097 0.065050 -0.006337 -0.044438 -0.092263 0.008194 0.073197 0.075500 -0.094434 0.029312 0.001075 0.079839 0.007777 0.085055 0.086095 -0.087279 -0.058368 0.031336 -0.003570 -0.003507 -0.090234 -0.031164 0.013047 -0.045983 -0.042574 -0.007054 0.029477 -0.037317 0.039882 -0.061439 -0.051184 0.092115 0.013761 0.092829 -0.023056 0.052868 -0.077431 -0.019792 -0.031535 -0.015994 -0.015761 0.043498 0.010955 0.016776 -0.009964 0.098122 0.097351 -0.023970 -0.099317 0.094804 0.041516 -0.022780 0.088729 -0.052304 -0.006340
Pesos Neuronio 40: -0.066731 0.084751 -0.049564 -0.084001 -0.098820 -0.053127 0.006076 -0.012201 -0.019534 -0.080468 -0.077249 0.070864 -0.071426 0.080864 -0.029616 -0.062164 -0.041410 0.080795 0.041715 -0.022046 -0.091846 -0.051817 -0.039800 0.008863 -0.099475 -0.045229 -0.046732 0.052305 -0.049109 -0.008319 -0.003715 -0.060531 0.097663 0.004984 -0.059677 -0.094267 0.075595 0.022343 0.073742 -0.051598 -0.075261 0.025218 0.039984 -0.029773 0.049873 0.014998 -0.058756 0.024085 0.009884 0.023178 -0.060543 -0.042955 0.041604 -0.080684 -0.023293 0.046189 -0.067887 0.060799 0.069491 0.058547 0.014854 -0.050100 0.009546 -0.065815 -0.023525 0.088356 -0.053825 0.080673 0.032127 -0.081419 -0.070717 0.030702 0.079465 -0.083841 0.081612 0.032689 0.054592 0.019432 0.095994 0.064628 -0.003858 0.023364 -0.009349 -0.052273 -0.088666 0.062752 -0.033870 0.026161 0.061238 -0.072635 0.048524 0.009926 0.084574 -0.094117 -0.024900 -0.017850 0.005245 0.052562 0.027300 0.015680 -0.006723 0.024809 -0.026200 -0.000365 0.054031 -0.077039 -0.070701 0.031885 -0.012682 0.097978 0.004143 -0.091991 -0.084201 -0.083370 -0.026487 0.053053 -0.021362 0.066420 -0.070253 -0.011403
Pesos Neuronio 41: -0.060907 0.046309 0.026962 0.053233 0.079490 0.094357 -0.005806 0.040060 -0.039195 0.067382 -0.015582 0.067621 -0.023796 -0.096033 0.046671 0.005210 0.030007 0.053419 0.039359 0.092311 -0.080069 0.002414 -0.003791 -0.082034 -0.018389 0.045552 0.009434 0.000484 0.066435 -0.083776 -0.043855 -0.079707 0.000606 0.045975 -0.028618 -0.006776 -0.027799 -0.059694 0.081756 -0.070014 0.020648 0.017846 0.034839 0.080948 0.078869 0.024081 -0.092988 0.078155 -0.021091 -0.055331 -0.083814 0.024216 0.053260 -0.050428 0.001784 -0.068283 -0.021728 0.022803 -0.056693 0.002063 0.096208 -0.015982 -0.080372 0.036954 -0.061456 0.064320 0.091915 0.070869 -0.060827 -0.049306 -0.063814 0.067073 0.086669 0.036985 0.049498 -0.069336 0.071669 0.096440 -0.097309 0.006032 -0.039777 -0.054630 -0.024619 -0.000222 0.082374 0.063426 0.081537 0.041393 -0.067313 0.062778 -0.033362 0.035099 0.010128 -0.036719 -0.059335 0.064606 0.034860 -0.004010 0.092166 -0.037885 -0.085815 -0.049426 0.071358 0.053180 0.060147 0.099412 0.073752 0.049069 -0.001427 -0.020097 0.025979 -0.070044 0.051974 -0.023866 0.033530 -0.039993 0.083744 -0.038599 0.046093 -0.007475
Pesos Neuronio 42: -0.051175 -0.000618 -0.026686 0.077466 -0.047223 -0.046679 -0.027749 -0.042345 -0.036472 0.002514 0.010910 0.027351 0.098037 0.029439 -0.029282 0.070121 -0.059611 -0.051837 -0.097966 -0.071470 -0.085408 0.059874 0.080663 -0.075193 0.087498 0.093541 0.005183 -0.091671 0.033215 -0.093065 -0.032150 0.024592 -0.062662 -0.004103 -0.025950 0.071047 0.047035 -0.038553 0.071712 -0.007141 0.018857 0.088855 -0.052045 0.056973 -0.055738 -0.004422 0.062403 -0.003402 0.013850 -0.000771 -0.031015 -0.061226 -0.098623 -0.022789 -0.092740 -0.005489 0.010976 -0.055328 -0.036613 0.012378 0.046139 -0.081731 0.027225 -0.028507 0.020137 0.076307 -0.023198 0.021162 0.027136 0.096682 -0.070470 0.003952 0.060053 0.058906 -0.077253 0.066417 0.011266 0.039978 -0.067010 -0.073835 0.026912 0.005676 0.029753 0.056419 -0.015274 -0.078811 -0.013068 -0.007707 -0.024117 0.057039 0.074071 0.009894 0.060680 -0.059000 0.049643 -0.009630 -0.080491 0.022797 -0.068889 0.064612 0.093601 -0.003683 0.024097 0.003688 0.071286 -0.064385 -0.002312 -0.033751 0.077884 -0.088780 0.033946 0.094466 -0.019768 0.050660 -0.034659 -0.064140 -0.024091 0.019617 0.008040 -0.068863
Pesos Neuronio 43: -0.079879 0.032174 0.073343 0.009024 -0.023184 -0.048422 -0.032591 -0.072479 -0.056725 0.018227 0.043903 0.075620 0.022698 -0.066402 -0.014868 0.017608 -0.070584 0.085886 0.097268 0.045162 0.079900 0.008452 0.031848 0.097819 0.073448 -0.030166 -0.004680 -0.067717 0.024472 -0.062662 -0.049986 0.071366 -0.014651 0.012185 -0.006649 0.060358 0.025917 -0.082748 -0.088924 -0.073736 0.051933 0.099505 -0.096581 0.099456 0.051009 0.026519 -0.097872 -0.077528 0.047462 -0.051368 -0.031886 0.060791 0.030691 0.034938 0.063486 0.061835 -0.070047 -0.032040 0.034753 0.019491 0.005242 0.052724 0.040378 -0.090662 0.027458 0.065152 -0.000995 0.072986 -0.001199 0.032947 0.098426 0.082693 0.006512 0.059743 -0.004517 0.063221 -0.098768 0.024635 -0.067027 -0.008216 -0.045342 -0.085033 -0.025917 0.031537 0.013844 0.049050 0.054076 0.096389 -0.008631 0.084245 -0.042332 -0.057355 -0.083157 0.070536 0.064666 0.064531 -0.016495 0.030777 -0.080394 -0.063253 0.025739 -0.088447 0.057460 0.059851 0.022600 0.087383 -0.095419 0.095514 0.008532 0.076127 -0.076321 -0.020024 -0.003838 -0.075649 0.053072 -0.045909 0.061636 -0.070046 0.037660 0.013806
Pesos Neuronio 44: -0.047060 0.096927 -0.049738 -0.072133 0.058434 -0.089762 0.024614 -0.018581 -0.066627 0.025662 -0.007338 0.029623 0.016085 0.049828 0.077818 0.095167 0.077633 -0.024221 0.055609 -0.004582 0.017589 -0.064970 -0.034408 -0.012193 -0.038969 -0.038776 -0.031244 -0.058340 0.040403 -0.074880 0.086552 -0.016255 0.078285 0.052530 -0.084914 0.032442 0.004513 -0.045454 0.019119 -0.064866 -0.048366 0.023100 -0.056714 -0.098167 -0.025702 -0.025178 0.090981 0.039044 0.070063 0.035865 -0.066826 0.008541 0.036288 0.076263 -0.098749 0.035398 -0.028511 -0.067381 -0.066657 -0.064624 0.003662 0.052016 0.057266 0.026513 0.082617 -0.094003 -0.048458 0.031681 0.004454 0.049525 0.012267 0.033891 0.098603 -0.077660 -0.066368 0.020361 0.012837 -0.079556 -0.035417 0.034334 0.018789 -0.002977 0.081885 -0.050319 -0.014837 0.089223 -0.054263 -0.051074 -0.032438 -0.091024 -0.030622 0.095816 -0.048279 -0.061942 -0.065197 0.071966 0.017004 0.090444 -0.056648 -0.060784 0.054240 0.029155 0.090905 0.069437 -0.046030 -0.097917 0.040402 0.019570 -0.092423 -0.075239 0.055050 -0.060570 0.081842 0.092233 -0.011070 -0.099070 0.019656 -0.057755 0.096888 0.035949
Pesos Neuronio 45: -0.020963 -0.046400 -0.001290 0.090635 0.088182 0.066919 -0.069860 0.035937 0.066790 0.093088 0.035294 0.054995 -0.069261 0.065332 0.083280 0.059282 0.029452 0.030690 0.078377 0.087196 -0.029196 -0.026795 0.066969 -0.027661 0.035265 -0.017526 0.092471 0.053917 -0.029385 -0.071755 -0.055689 -0.002969 -0.015612 0.009745 0.096055 -0.083230 -0.064202 -0.012156 0.053747 0.027492 0.095233 -0.082542 -0.022959 -0.005314 0.036815 0.040290 -0.084219 0.041571 -0.057631 -0.041651 0.020820 -0.077066 -0.006518 0.023306 0.058495 0.048590 -0.045776 -0.096010 0.064468 -0.096213 -0.051334 -0.073642 0.080223 -0.063018 0.063791 -0.010000 -0.016731 -0.047724 0.006491 -0.067942 -0.080084 0.062685 -0.055877 -0.004711 0.026066 -0.022628 0.023166 0.075128 0.095155 -0.006357 0.002596 -0.093112 0.067046 -0.008692 0.090549 0.054205 0.088207 0.066387 0.011962 -0.092994 0.034098 -0.055833 0.039379 -0.024397 0.073759 -0.050288 0.096758 0.094319 0.023023 -0.050622 -0.050920 0.036801 0.099745 -0.093751 0.035435 -0.090217 -0.044235 -0.027144 0.023922 -0.002969 -0.024671 0.089853 0.002944 0.014156 0.030185 0.015879 0.093672 0.039072 -0.091215 -0.096213
Pesos Neuronio 46: -0.062693 -0.095059 -0.045748 0.083831 -0.090935 0.079198 -0.008419 0.040578 -0.071678 0.009153 0.080775 -0.033445 0.049949 -0.063812 0.090272 -0.013491 -0.006656 0.065172 0.078921 -0.045802 -0.018560 -0.025727 -0.022614 0.061456 0.026446 -0.081302 -0.074574 -0.010124 -0.008456 0.041315 0.054915 -0.009028 -0.021744 -0.018633 -0.053635 0.083300 -0.068089 -0.073282 0.099610 -0.013247 -0.020011 0.084419 0.061771 -0.032965 -0.072602 0.084260 -0.054574 0.097900 -0.009829 0.022272 -0.073136 0.079311 -0.019763 -0.059720 0.024262 0.021324 -0.028922 0.062233 -0.013022 0.060985 -0.093470 0.023280 0.094786 0.064009 -0.055987 -0.094512 0.000661 -0.021315 -0.053051 -0.036542 -0.054450 0.093581 0.041019 -0.032573 0.034227 -0.010676 -0.043655 0.074755 -0.092625 0.011492 0.053353 -0.030370 0.040394 0.098941 -0.096054 -0.099602 0.068471 0.053007 0.008290 -0.019739 -0.077114 -0.017623 0.063885 -0.073854 0.045279 -0.063390 0.015583 -0.051815 0.096250 -0.054908 0.036686 -0.088231 0.096456 -0.034501 0.053738 -0.075214 -0.004741 -0.061937 -0.029693 -0.022394 0.085681 -0.090457 0.016993 -0.085021 0.045591 0.002812 0.012289 -0.007393 -0.009121 0.074738
Pesos Neuronio 47: -0.025946 0.097898 -0.069763 0.002927 -0.058700 0.014983 0.023778 0.069920 0.019050 0.091601 0.083151 0.072913 0.093839 -0.012257 -0.012742 -0.077819 0.023655 -0.028469 -0.084717 -0.045637 -0.038947 -0.043883 0.083333 -0.070656 -0.050736 0.008637 0.071017 -0.033023 -0.057709 -0.016655 -0.089494 -0.090245 -0.087670 0.077889 -0.029624 -0.062400 0.033881 0.053094 -0.040542 0.065246 0.021886 0.085696 -0.028658 -0.042952 0.059024 0.025638 0.065924 0.049986 -0.066117 -0.021482 0.017876 0.072890 0.036385 0.004386 -0.056830 -0.020664 -0.099544 0.041883 0.013106 -0.031499 0.031978 0.086666 -0.080520 -0.005805 0.074925 0.015244 0.098126 0.091047 0.071321 0.045716 0.035499 -0.070729 -0.027107 -0.048798 0.080191 0.002872 0.044577 0.063623 0.089998 0.085956 0.078060 0.085401 -0.074509 -0.022114 -0.000184 0.099705 -0.084005 -0.083669 -0.001873 0.083564 0.014705 -0.095995 0.081861 0.068556 -0.026218 -0.011721 0.033152 0.014607 -0.001759 0.071538 -0.003749 0.014191 -0.058227 0.079989 0.063890 0.066407 -0.023217 -0.090807 0.020416 -0.049353 0.001680 0.077657 0.023194 0.041640 -0.066836 -0.059568 0.081223 -0.014449 0.025731 0.013439
Pesos Neuronio 48: -0.062834 -0.051256 -0.060096 -0.029487 -0.086645 0.054867 -0.045792 -0.092172 -0.002852 0.054324 0.082392 -0.060429 -0.063141 -0.099615 -0.066234 0.060445 0.012617 0.011555 -0.027712 -0.015101 0.028129 -0.009646 0.032890 -0.072397 -0.060866 0.083213 0.003631 0.025227 0.043753 0.022733 0.063697 0.050633 0.024088 -0.012374 0.037199 -0.049839 -0.043540 -0.005274 -0.029076 0.088630 0.034764 0.021130 -0.018452 -0.070982 0.079604 0.027617 0.093450 0.016949 -0.070559 -0.092911 0.016668 0.082953 -0.010052 0.044494 -0.039498 0.091363 0.027250 0.024437 -0.092676 0.051793 0.068749 0.032665 0.005265 -0.052496 -0.038890 -0.084738 -0.015724 -0.037898 0.089030 0.071439 -0.014999 0.088345 -0.034412 0.038308 -0.019902 -0.075736 -0.023852 -0.051759 -0.072216 -0.079050 0.045820 0.007543 -0.018933 -0.084563 0.039346 -0.056070 0.026165 0.068751 0.022739 0.094170 0.016905 0.015498 -0.024299 0.066927 0.080426 -0.036155 -0.010194 0.084808 -0.096566 -0.050005 0.060856 -0.084908 0.054207 0.081524 0.079086 0.033827 -0.044130 0.029407 -0.078490 0.039474 -0.007631 -0.023986 0.049726 0.044429 0.079229 -0.029142 0.073064 -0.067346 0.089902 0.057115
Pesos Neuronio 49: -0.030132 0.060456 0.042322 0.081879 -0.079434 -0.069669 -0.066319 -0.083699 -0.071427 -0.090373 0.039446 -0.038240 0.071699 0.005475 -0.051582 -0.027505 -0.084454 -0.093655 -0.021037 -0.077796 0.027292 -0.093772 0.052896 0.032128 -0.090569 -0.080612 -0.067569 0.071503 0.041036 -0.039183 0.021142 0.013555 -0.021908 0.072570 0.073387 0.043852 0.073058 0.076164 -0.004844 -0.024362 0.027348 -0.015760 -0.037445 0.051119 0.001176 -0.033851 -0.064102 0.095891 0.048738 0.084764 -0.091786 -0.067400 0.086894 0.081331 -0.074714 -0.038186 -0.026911 0.035546 -0.041057 0.026571 -0.080367 0.014316 -0.087486 -0.028801 -0.062633 -0.006685 0.090063 -0.089711 -0.046093 0.012974 -0.073833 -0.091450 0.043936 -0.060693 0.086972 0.097234 0.024747 -0.065948 0.074272 -0.003358 0.089406 -0.025910 0.035130 -0.003846 0.038970 0.090094 -0.063602 0.012545 -0.064367 0.008136 -0.027703 0.066998 0.028617 -0.039707 -0.078182 -0.091643 -0.093463 0.031480 0.024387 -0.054185 0.054470 0.031701 -0.071936 -0.068737 -0.001375 0.025645 -0.062599 -0.021896 0.027688 0.094042 -0.074130 0.040078 0.020534 0.036835 0.021573 0.053684 0.039622 -0.028016 -0.042553 0.045487
Pesos Neuronio 50: 0.058857 -0.058574 0.028506 -0.090076 0.061036 -0.022637 0.040283 0.049706 0.041807 0.044697 0.012371 -0.075571 -0.012480 0.077997 -0.077795 0.053685 0.053025 0.046983 -0.054374 0.078526 0.003649 -0.010711 0.035861 -0.057447 0.084064 -0.006274 -0.029545 0.037456 0.022411 0.022737 0.041233 0.019563 0.012466 -0.039099 0.045652 -0.026019 0.039372 -0.070246 -0.081168 -0.021733 0.082845 -0.026760 -0.007389 -0.095733 0.097673 0.085399 -0.035399 -0.000307 -0.038309 0.025369 0.066858 -0.093405 0.020215 -0.002341 0.026068 -0.076694 0.085096 -0.069708 0.027600 -0.010802 -0.041550 -0.056169 0.019368 -0.041315 0.093466 -0.040736 -0.041803 -0.021756 0.044701 -0.038726 -0.039120 0.079663 -0.002008 0.051711 0.075265 0.031302 -0.025773 -0.036871 0.026437 0.033856 0.062893 -0.009332 0.046290 0.015480 -0.091390 -0.079074 0.067437 -0.034697 0.009558 -0.075564 -0.079502 0.021621 0.000449 0.064001 0.070190 -0.092973 -0.068994 -0.089268 -0.092975 0.025044 -0.076900 0.058745 0.077668 0.010790 0.013359 0.042216 0.050463 -0.086358 -0.072384 -0.055879 0.029081 -0.078722 -0.025621 -0.031715 0.005471 -0.011849 -0.007067 0.016531 0.092218 0.012950
Pesos Neuronio 51: 0.061278 0.087235 -0.081442 0.027714 0.012317 -0.052654 0.034933 0.040350 0.072401 -0.061013 0.021732 0.068811 0.004836 0.067044 0.015801 0.073933 0.022002 -0.003895 -0.096868 0.030330 -0.011439 0.057788 -0.025930 -0.079722 -0.054519 0.098763 0.083418 0.083510 -0.043520 -0.082587 -0.018954 0.064238 -0.006862 -0.017972 0.080359 0.027330 0.097852 -0.032965 0.007629 -0.095150 -0.073249 0.022216 0.034180 -0.036086 -0.037584 0.085822 0.016631 -0.006248 -0.015415 -0.061736 0.004138 0.046030 -0.062006 0.030230 0.051176 0.003135 -0.048051 0.065191 -0.042292 -0.072076 0.048898 0.096388 -0.041095 0.096515 -0.041569 0.097166 0.065899 -0.095605 0.024458 0.097563 0.093499 0.012017 0.013193 -0.056916 0.040091 0.028007 0.051753 -0.022621 -0.048388 0.075450 -0.057564 0.022940 0.091827 -0.080582 -0.078478 0.034525 0.067564 0.015648 -0.061898 0.045043 0.031738 -0.048308 -0.042233 -0.057908 0.020757 0.004058 0.096283 0.065517 0.072271 0.033742 0.050600 0.005572 0.025293 0.017086 -0.030119 0.059789 0.059656 -0.050735 -0.042922 -0.065507 0.013758 0.069940 -0.061443 0.018753 0.054540 -0.041485 0.095718 0.043901 -0.001736 0.043539
Pesos Neuronio 52: -0.025262 0.041071 -0.054960 0.051996 -0.080812 0.000314 -0.081381 -0.086999 -0.041668 0.046274 -0.018604 -0.001377 -0.057209 0.024931 -0.036264 0.027207 -0.068740 0.098708 -0.086028 0.043933 0.055359 0.063007 0.023530 -0.032292 0.054103 0.000860 0.051387 0.058827 -0.057304 0.064899 0.054016 -0.069399 -0.044167 0.060530 0.046716 0.020141 0.046383 -0.078786 0.005527 -0.078311 0.085668 0.084263 -0.073443 -0.073176 -0.063218 -0.099495 0.018450 0.072052 0.088131 0.099483 0.037893 0.028777 -0.000918 -0.095523 -0.014786 0.016293 0.006952 0.017547 -0.015721 -0.082873 -0.070495 0.010785 -0.041228 0.039270 0.021075 -0.060269 -0.064154 0.017021 -0.056214 0.067076 -0.095400 0.046432 -0.086693 0.000064 0.031237 -0.051042 -0.099238 -0.067150 -0.028111 0.064231 0.001689 0.081063 0.041024 -0.095493 -0.018751 0.014548 0.057781 0.045419 0.039272 0.041741 0.002485 -0.006043 -0.044430 0.067532 0.084419 0.006855 -0.037053 -0.091966 -0.071000 -0.038428 -0.097539 -0.080313 -0.008039 0.083226 0.088637 0.043771 0.088995 0.064951 0.070892 -0.094633 -0.024202 -0.001773 0.040076 -0.006291 0.077566 -0.022345 -0.082827 0.047933 0.017195 -0.032237
Pesos Neuronio 53: 0.089979 0.055236 0.070240 -0.060066 -0.085680 -0.024051 0.079504 0.009008 0.066774 0.095297 0.062743 0.009923 0.053064 -0.006005 0.008830 0.007984 0.075357 -0.032428 -0.098768 -0.046840 -0.003163 0.052922 -0.086794 0.079361 -0.027882 0.083735 -0.063699 -0.041971 0.019449 -0.065830 0.051047 0.026987 0.062203 0.014992 -0.017967 -0.034548 -0.071036 0.086337 -0.008759 0.068725 0.093874 -0.040049 -0.063412 0.011532 -0.081579 0.082851 0.024868 -0.062116 0.034122 -0.091662 -0.097337 -0.053069 0.097502 0.023450 -0.032820 -0.053282 -0.002245 -0.050753 0.040501 -0.020251 0.002975 0.087907 -0.091851 0.008668 -0.075805 0.068619 0.047375 0.043996 -0.040151 0.076961 0.051947 0.065725 -0.024309 -0.063452 -0.062070 0.032204 0.050707 -0.071643 0.048431 0.022076 0.030941 0.002817 -0.056576 -0.017771 -0.048384 -0.096148 0.077235 -0.028569 0.028712 -0.057719 0.081956 -0.009772 -0.025488 0.062845 -0.091650 0.059074 -0.093571 0.045344 0.092978 0.023611 0.050687 0.050073 0.078400 -0.000215 -0.006517 0.022836 -0.013560 0.054810 -0.045148 -0.020275 0.089401 -0.028435 0.014207 -0.099481 -0.002684 -0.043946 -0.017576 -0.037865 0.099081 -0.043886
Pesos Neuronio 54: 0.071088 -0.025996 0.049344 -0.016417 0.033323 0.086179 -0.002229 -0.031207 0.031974 0.018255 -0.092028 0.025166 -0.082522 -0.099581 0.087003 0.044560 -0.061186 -0.027689 0.015723 0.080448 0.059956 0.057814 0.067362 -0.044306 0.016926 -0.009596 0.098274 0.076530 -0.085251 0.034041 0.059258 0.091783 -0.014156 -0.044602 -0.029605 -0.079117 0.075899 -0.081635 -0.005902 -0.017995 0.012598 0.011801 -0.068517 0.066791 0.097086 -0.071348 -0.007014 -0.024483 -0.009821 0.062512 -0.037378 0.029970 0.079399 0.016443 0.032716 0.082077 -0.063619 0.002918 0.040185 0.034232 -0.079677 0.036753 -0.057131 -0.010878 -0.083483 -0.075270 0.080726 0.016595 -0.004991 0.034916 0.057214 -0.025159 -0.081097 -0.026584 0.024304 -0.043872 0.071596 -0.007034 -0.079253 -0.034576 0.060654 0.076256 0.010056 -0.053247 0.036228 0.081825 0.054524 -0.049523 0.023227 -0.089239 0.024367 0.085683 -0.033600 0.060184 -0.061345 -0.053862 -0.075802 -0.073573 0.007784 0.075705 0.017830 0.093271 0.087353 -0.060569 0.002364 -0.063816 0.014648 -0.059226 0.093508 -0.089329 0.011613 -0.086822 -0.088684 -0.031052 -0.047189 -0.042545 0.082710 -0.055459 0.041440 0.005946
Pesos Neuronio 55: 0.015979 -0.096827 0.087617 -0.018932 0.040524 0.090973 -0.085617 0.039730 0.046180 0.032356 -0.022316 0.088209 0.015233 0.033489 -0.034756 -0.067044 -0.091963 -0.095647 0.068647 0.017230 -0.030851 0.054295 0.062056 0.001916 -0.041408 -0.044104 -0.063649 -0.055757 -0.042627 -0.084130 0.055277 0.018442 0.048273 -0.059896 0.081956 0.050283 0.097783 -0.028435 0.059409 0.048728 0.021838 -0.015562 -0.023241 -0.019386 -0.056025 -0.011732 -0.032112 -0.034610 0.071334 0.086908 -0.083888 -0.010886 -0.039996 0.004797 0.085967 0.009041 0.000593 -0.086074 0.063975 0.061410 -0.028687 0.038193 0.047887 -0.081142 0.016279 0.032288 0.024235 -0.082571 0.075261 0.034401 -0.025517 0.023613 0.010541 -0.006692 -0.074382 -0.089695 0.099659 0.033523 0.076945 0.090581 -0.093694 0.072124 -0.062542 -0.005307 0.027582 -0.089550 0.030581 0.097497 -0.065766 -0.072565 0.063240 -0.030956 -0.092058 -0.010535 -0.035728 0.051389 0.079776 -0.053797 0.046867 -0.012673 -0.048493 -0.033319 -0.033140 0.025726 0.058046 0.028200 -0.058002 0.090052 -0.054465 0.026209 -0.098095 0.097172 0.073092 0.091856 -0.007283 -0.076655 -0.035612 -0.001005 0.037572 0.001895
Pesos Neuronio 56: 0.044264 0.076276 -0.039501 -0.073041 -0.071792 -0.041001 0.050785 0.064167 -0.059140 0.004597 -0.034391 -0.047759 -0.062369 -0.040917 -0.075892 -0.090216 -0.020917 -0.040002 0.024962 0.005330 0.064186 -0.047759 0.074000 0.077405 0.019047 0.048722 -0.011797 -0.080863 0.070532 -0.008518 -0.010739 -0.077282 0.080309 0.056727 0.009054 -0.093239 -0.008926 -0.067468 0.081360 0.033042 -0.002015 -0.076290 0.009356 -0.018789 0.048246 0.094121 -0.006551 0.075843 -0.075880 0.007895 0.013215 -0.095095 0.058361 0.003665 -0.034614 0.095558 0.038183 0.045956 -0.038358 0.031707 0.095755 -0.085161 -0.032720 0.063122 -0.061438 0.037304 -0.003719 -0.079173 -0.029115 0.040399 -0.041367 0.033324 0.050269 -0.018590 0.012334 0.072631 -0.061082 -0.000500 -0.026692 -0.009559 -0.016488 -0.002627 0.085374 -0.089246 -0.033572 -0.080230 0.048607 0.053935 -0.020363 -0.047827 0.098917 -0.001875 -0.067297 0.083979 0.011342 0.097394 -0.025485 -0.067645 0.097925 0.007129 -0.035741 -0.099391 0.009785 0.000837 -0.051937 0.063385 -0.098338 0.029955 -0.022191 -0.034439 -0.033212 -0.069998 0.003541 -0.028675 0.042071 -0.036524 0.005006 -0.062885 -0.001124 0.014949
Pesos Neuronio 57: 0.000373 0.053509 -0.038640 0.090005 0.025683 -0.085550 -0.066031 -0.095640 0.047778 0.037878 -0.014363 -0.011637 -0.082547 0.060338 0.098711 -0.075946 0.055116 0.029169 -0.083031 0.043075 -0.045798 -0.010091 0.076881 0.090992 -0.007868 -0.012798 -0.078456 -0.099138 0.041586 0.028344 0.034840 -0.039108 -0.043323 0.018077 -0.067047 -0.048820 0.031652 0.100000 -0.022715 0.038182 -0.072808 -0.051001 0.004281 -0.037894 -0.042037 -0.066087 0.022506 -0.046795 0.025540 0.031333 -0.059355 0.046415 0.072509 0.069445 -0.072070 -0.010446 -0.020950 0.094319 -0.078090 -0.011444 0.009583 0.022312 -0.087478 -0.087671 0.073064 -0.045460 0.026064 0.015891 0.040883 -0.047383 -0.080274 0.019039 -0.040446 0.009567 -0.098458 0.041855 -0.095880 0.090006 0.068758 0.018382 -0.027484 -0.035897 -0.055629 -0.053771 -0.016349 -0.019295 0.057873 0.059786 -0.040547 0.095192 0.044086 -0.077973 0.051850 -0.025032 0.072550 0.030007 0.086358 -0.052399 -0.084219 0.030729 0.051860 0.078362 0.076738 0.008055 -0.015235 -0.099379 0.087838 0.008219 -0.022941 -0.070118 -0.082053 -0.077895 -0.048857 -0.021371 -0.095199 0.045309 -0.027373 -0.086624 0.089748 0.043454
Pesos Neuronio 58: -0.025436 -0.006495 0.062639 -0.060590 0.072011 0.063588 0.034577 -0.030727 -0.050821 0.070775 -0.006486 -0.041358 0.007538 0.076817 -0.096065 0.039393 0.096090 -0.081775 -0.066760 0.049098 -0.086862 0.098209 0.020137 0.055301 -0.057867 -0.047009 -0.079207 0.051748 0.086761 0.057562 0.031337 0.098617 -0.084022 -0.082594 -0.006109 -0.039979 0.045674 -0.079124 -0.038224 -0.019576 -0.050133 -0.019041 -0.053840 -0.087526 0.076447 0.096174 -0.094238 -0.094214 -0.038184 0.043108 -0.003728 -0.015944 0.095181 0.087180 -0.024371 -0.045407 0.003426 -0.077395 0.064423 -0.021235 0.001556 0.027316 0.091723 -0.040987 0.012354 -0.032779 -0.045795 -0.045038 0.074823 -0.094150 -0.062075 0.040051 -0.034632 0.093150 -0.059197 0.066291 0.038339 -0.043952 -0.057696 -0.085327 0.007042 -0.080249 -0.025735 0.004209 -0.087108 0.070147 0.017099 -0.002252 -0.074221 -0.034417 -0.000065 0.024136 -0.065353 0.072338 0.007968 -0.024672 -0.014705 0.096368 0.009826 -0.039246 -0.024568 0.016281 -0.071585 0.079380 -0.041565 -0.078997 -0.072534 0.015160 -0.006513 0.042409 -0.008048 0.057643 -0.094093 -0.036723 -0.029156 -0.088673 0.050460 0.071010 0.083334 -0.051772
Pesos Neuronio 59: 0.073784 -0.082858 -0.075670 -0.031096 0.084373 0.096770 -0.070483 0.064310 -0.083917 -0.004816 0.097620 -0.092925 -0.005660 0.057181 -0.003646 -0.097199 0.033394 0.009992 0.025022 -0.031850 -0.060369 0.033574 -0.043155 0.026131 -0.079224 -0.024179 0.037308 0.090131 0.042009 0.078986 -0.015903 -0.031740 0.023509 0.016418 0.082847 0.088991 -0.052718 0.083450 0.021040 -0.018196 -0.089552 0.082408 0.047419 -0.012517 0.090274 -0.047646 0.086824 -0.029472 0.069264 -0.098825 -0.060190 0.001258 0.046813 -0.061734 -0.042494 0.010057 -0.015983 0.077808 -0.093193 -0.019838 0.072163 -0.074777 -0.027279 -0.078729 0.070652 0.052141 0.017465 -0.007846 -0.021112 0.022021 0.008909 -0.075804 0.004998 0.059690 0.028606 -0.031446 0.036628 -0.080218 -0.071765 -0.063437 0.095230 -0.004414 0.014422 0.033215 0.027761 -0.047242 -0.083709 0.034913 0.030074 0.007391 0.083171 0.077086 0.095226 -0.013914 0.018419 -0.091249 -0.052603 0.065596 0.045296 -0.021606 -0.064850 0.056878 -0.025925 -0.094750 -0.058627 0.000959 0.019004 0.078044 0.004018 -0.017918 -0.092242 -0.032479 -0.074988 0.087498 0.016604 0.097864 -0.045523 0.019977 -0.076148 -0.005412

Camada Saída
Pesos Neuronio 0: -0.032063 -0.075103 -0.079113 0.086822 -0.027627 -0.012828 0.050982 0.088838 -0.002571 0.037001 0.044755 0.060909 -0.055737 0.096149 0.052449 0.032521 -0.074689 0.006066 -0.087813 0.069657 -0.083898 -0.015878 0.015189 0.037232 -0.051269 0.090909 -0.064049 0.022506 0.033506 0.038298 -0.019288 0.045756 -0.076961 0.045534 0.034548 0.082300 0.084621 0.053251 -0.076396 -0.012835 0.002444 0.038986 -0.007833 0.021217 0.024117 -0.049395 0.005149 0.017976 -0.055823 0.034531 0.081222 -0.093792 -0.092592 -0.078600 0.087280 0.023791 -0.086423 -0.030361 -0.095343 0.047742
Pesos Neuronio 1: -0.030785 -0.018909 -0.075659 0.071370 -0.096611 -0.084982 -0.076860 -0.015263 0.056364 -0.070943 0.036115 0.087021 -0.035942 -0.039896 0.030656 0.089135 0.082884 -0.094418 -0.007853 -0.072207 -0.072959 0.066354 -0.056362 -0.048484 -0.042626 0.034527 -0.015836 0.053957 -0.000360 0.057239 0.089839 0.065722 0.065045 0.019250 -0.034045 -0.080992 0.060381 0.010763 0.083114 -0.009901 0.052761 -0.092685 -0.086348 0.070905 -0.056336 -0.099238 -0.085701 -0.041094 -0.041707 -0.063309 -0.004365 -0.022149 -0.042773 0.070675 -0.017464 -0.002421 -0.093909 0.035491 0.030964 -0.025027
Pesos Neuronio 2: -0.066127 -0.052481 -0.059186 -0.076389 0.059743 0.068521 -0.065809 0.078137 -0.075493 -0.094057 0.056640 -0.006243 -0.099681 -0.051293 0.003253 0.034412 -0.059830 0.083530 0.020269 -0.004516 -0.030001 -0.039543 -0.004962 -0.043560 -0.059530 0.047962 0.007586 -0.094920 -0.030393 0.039906 0.084026 -0.070918 0.096680 -0.093435 0.068237 0.018744 0.075963 -0.077707 0.014285 -0.025927 -0.075623 -0.007627 0.084793 0.019140 -0.068690 -0.048308 -0.086353 -0.092355 0.019280 0.018211 -0.078085 0.004549 0.025956 -0.040633 0.087473 -0.029089 0.094641 0.028551 -0.046806 -0.000095
Pesos Neuronio 3: -0.080833 -0.084713 -0.013189 -0.014263 -0.038225 0.037427 -0.095231 0.036194 0.050889 -0.092953 0.021855 -0.009722 -0.069676 -0.053280 0.079530 0.093586 -0.054387 -0.063818 -0.060119 -0.073380 -0.032499 -0.096413 0.095883 0.059375 0.088255 -0.098360 -0.018163 -0.070950 0.047283 0.078781 -0.042416 -0.066020 -0.015389 -0.031445 0.087729 0.080950 0.086839 -0.004565 0.069009 -0.064123 0.028431 -0.039116 -0.091108 0.079252 -0.027292 0.016234 0.073760 0.074000 -0.020886 0.080931 0.071568 0.076392 0.002369 0.057826 -0.003325 -0.051399 0.094756 -0.020957 -0.022132 0.067148
Pesos Neuronio 4: 0.088979 0.077474 -0.050104 0.066527 0.045051 0.043121 -0.067790 -0.053591 -0.016578 -0.062191 -0.005149 0.000074 0.030173 -0.066173 -0.008643 -0.028564 -0.060666 -0.090271 -0.054434 0.051549 0.046715 0.026201 -0.054394 0.068671 -0.045036 -0.077947 0.045858 0.018337 -0.066518 0.013465 0.075561 -0.083302 -0.055081 -0.046467 0.007348 -0.014643 0.002981 -0.016958 0.000352 0.089249 0.076408 0.065822 -0.076893 0.006091 -0.071515 -0.067151 0.053759 -0.031806 -0.038268 0.020530 -0.027016 0.027191 -0.078953 0.081499 0.032162 -0.033683 0.014468 -0.044801 -0.003123 -0.087344
Pesos Neuronio 5: 0.061556 0.058338 0.062050 -0.014975 0.055323 0.098415 0.035123 -0.090435 -0.043488 0.009031 0.085420 0.093274 -0.028150 0.076928 -0.044205 0.075925 0.066859 -0.056160 0.088995 0.062793 -0.071336 0.043300 -0.082927 0.019767 -0.007984 0.045448 0.018740 -0.032284 -0.093216 -0.023533 -0.051117 0.095264 -0.013930 0.023771 0.057412 -0.087579 0.023223 -0.046051 -0.002354 0.086826 0.074859 0.080995 0.094102 0.025488 0.043973 -0.098160 -0.043864 -0.062292 0.092995 0.049036 -0.064978 -0.078216 0.076320 0.007848 -0.033998 -0.017443 0.032258 0.004977 -0.035056 -0.036905
Pesos Neuronio 6: -0.057181 0.095105 0.037138 -0.064525 -0.082716 0.005431 -0.036309 0.004068 -0.070720 0.094066 -0.086097 0.005376 -0.025899 0.071267 0.031259 0.060780 -0.067720 0.042078 0.015941 0.030817 -0.062154 0.074237 -0.059445 -0.027986 -0.048539 -0.077770 0.044420 -0.079017 0.016300 0.072792 -0.079619 0.083492 0.089486 0.037472 -0.073027 0.062129 -0.099221 -0.064879 0.086536 0.033093 -0.070948 -0.080269 -0.028024 0.049330 0.094563 0.027738 0.050182 0.067698 0.096379 0.024076 -0.016072 -0.023844 0.037079 0.036258 -0.098741 0.002991 -0.043175 -0.020656 0.059338 0.033107
Pesos Neuronio 7: 0.025875 -0.073985 -0.091196 -0.041198 0.039652 -0.009187 0.084394 -0.061970 0.072830 0.041308 0.022413 0.051436 0.052717 -0.033799 0.009524 0.095193 0.030626 -0.026668 -0.065014 -0.053699 -0.071620 0.068500 0.011251 -0.018800 0.095575 0.014083 0.031223 0.015091 0.036351 -0.050539 -0.003596 -0.038970 -0.053148 -0.023713 0.006501 0.042894 0.005952 0.090529 0.027743 -0.073651 0.090343 0.083053 -0.011517 0.052622 -0.025636 0.089282 -0.031465 0.076512 -0.048071 -0.014011 -0.075262 -0.087722 0.070243 0.063215 -0.064588 -0.053984 -0.000136 0.035621 0.002762 0.051281
Pesos Neuronio 8: -0.066351 -0.011361 -0.095198 0.052072 -0.006496 0.077999 -0.066241 0.011858 -0.079204 0.054215 0.030466 0.002617 -0.008657 -0.029598 -0.033920 -0.000203 -0.077973 -0.013950 -0.048921 -0.084838 0.033083 0.040915 0.071203 -0.071035 0.069851 0.004145 0.088939 -0.082756 -0.020105 0.076990 0.034518 0.018875 -0.004819 0.053984 0.077914 0.040127 0.049375 0.044290 -0.069892 -0.047884 0.059105 0.058277 -0.068276 0.006688 -0.007120 0.039915 -0.046235 0.036601 0.015640 0.093440 0.074460 0.018426 0.038993 -0.099016 -0.046462 0.068216 -0.028174 0.087453 -0.048189 -0.042104
Pesos Neuronio 9: 0.037459 -0.049290 -0.015100 -0.077052 0.042295 0.061981 0.061213 0.087615 0.022765 -0.072655 -0.015404 -0.085452 0.033528 -0.008747 -0.041178 -0.099832 0.015871 0.060832 0.076714 0.041035 -0.049930 0.056356 -0.041958 -0.066705 -0.047816 0.023502 0.068364 0.094208 0.031980 0.056091 0.008158 0.008511 0.049275 -0.074327 0.023111 0.064421 0.033252 0.098490 -0.093972 0.012580 0.077569 0.001657 -0.046943 -0.055925 -0.038559 0.092762 0.028262 -0.084303 0.097013 -0.030281 -0.028524 -0.077459 0.075792 0.026671 -0.049119 -0.047333 0.059552 0.069868 -0.015805 0.086069
Pesos Neuronio 10: 0.065134 0.038550 -0.010582 -0.028964 -0.025787 0.052198 0.060256 0.054828 -0.013116 -0.000991 -0.037733 0.072164 0.071922 -0.042682 0.051497 -0.074588 -0.002502 -0.045851 -0.016212 -0.055813 -0.059408 0.048910 0.043613 0.038917 0.037059 -0.059244 -0.065834 -0.084970 0.053779 -0.098114 -0.089757 0.030099 -0.060533 -0.098737 0.059956 -0.052091 -0.070468 -0.085141 0.099856 -0.076911 0.043686 -0.095247 -0.009840 0.019648 -0.066797 -0.088583 -0.077383 0.008297 -0.026836 -0.011129 -0.025464 -0.075686 0.097109 0.048560 0.079482 0.055495 -0.008056 -0.082727 0.024299 0.064288
Pesos Neuronio 11: 0.047494 -0.029602 -0.034861 -0.027918 -0.015348 0.091789 -0.059313 -0.010447 -0.016138 0.097204 0.053964 -0.091325 0.049627 0.090194 -0.099068 0.091546 0.028227 -0.081904 -0.089759 0.021597 -0.096717 -0.071945 0.028919 0.096237 0.033187 -0.064480 -0.060461 0.075919 0.054152 0.035250 0.072248 -0.070665 0.092958 0.025985 -0.063719 0.094428 0.084726 -0.027065 0.053224 -0.047869 -0.069311 -0.080750 0.074399 -0.012441 -0.026180 0.020315 -0.054523 -0.093109 -0.024762 0.019180 0.013584 -0.047548 -0.026232 0.027274 -0.025374 -0.023270 -0.028637 -0.072677 -0.003990 0.011489
Pesos Neuronio 12: 0.010497 -0.071397 -0.037590 -0.016660 0.046699 0.026040 0.097318 0.031898 0.059179 -0.096847 -0.091641 -0.072316 0.097351 0.008067 0.086132 0.059577 -0.094251 -0.056006 -0.099322 -0.015401 -0.030424 0.006611 -0.011859 -0.025570 -0.085077 0.028614 0.023502 -0.000105 -0.052741 0.065830 0.013142 0.012288 0.047261 0.091290 0.049525 -0.054672 -0.052834 0.010377 0.027263 0.053998 0.065726 -0.016384 0.074341 0.087854 0.009517 0.096302 -0.055139 0.069894 -0.045877 0.047200 -0.069589 -0.097418 -0.035498 -0.073609 0.013807 -0.046950 0.002606 -0.052303 0.037966 -0.081477
Pesos Neuronio 13: -0.073326 -0.023248 -0.086815 0.010356 -0.007400 -0.085757 0.026644 0.014560 -0.015690 0.008111 0.046838 0.053918 -0.025988 0.062300 0.014051 0.084204 0.004303 0.071841 0.060506 -0.057516 -0.000274 0.059769 0.081576 0.047709 -0.038028 0.010469 -0.040440 -0.094978 0.056503 -0.090480 0.047524 0.049997 0.078084 -0.066527 -0.097541 -0.052015 0.062831 0.023075 0.002671 0.028201 0.048004 -0.073410 0.088328 0.092533 0.050418 -0.048505 -0.012960 -0.044920 -0.016860 -0.031807 -0.055214 -0.037096 -0.049448 0.075097 0.054985 -0.016037 -0.073796 -0.043114 0.003550 -0.041344
Pesos Neuronio 14: -0.021006 -0.037116 0.069189 -0.044101 0.019404 -0.084032 0.058669 -0.035044 0.030537 0.047985 -0.090757 -0.056982 -0.023434 0.084197 -0.057367 -0.077323 0.027409 0.085000 -0.017751 0.060678 -0.061729 0.012239 -0.052571 0.056012 -0.093747 -0.006883 -0.082380 -0.044931 0.029531 -0.078595 -0.074799 -0.004110 -0.086680 0.073804 0.046820 -0.051986 -0.033416 0.013757 -0.045956 -0.048687 -0.006564 0.026818 0.079538 0.012502 0.047604 0.090592 -0.025513 0.052213 0.009803 -0.064242 -0.037811 -0.028750 -0.004545 -0.016901 0.038537 0.030706 0.038667 -0.059659 0.054006 -0.065660
Pesos Neuronio 15: -0.091942 -0.035616 -0.091991 0.022335 -0.047724 -0.034191 -0.062815 0.094234 -0.003326 0.046213 -0.021211 0.099554 0.002064 0.042136 -0.032502 0.054766 -0.040713 0.089264 0.009511 0.081363 -0.044426 0.041310 0.039746 -0.047588 0.097065 -0.013318 0.098432 -0.029522 -0.024992 -0.020976 -0.033618 0.080717 0.081281 -0.034405 0.007524 0.094052 -0.034639 0.098204 -0.045089 0.034361 -0.018313 -0.041983 -0.056259 0.072117 -0.061713 -0.070795 0.069369 -0.062151 -0.080265 -0.020122 -0.051666 0.009599 0.010985 0.025511 0.007932 -0.063247 0.035691 0.094146 -0.011016 0.085846
Pesos Neuronio 16: -0.013410 0.061892 0.099187 -0.023676 -0.092238 0.095154 -0.022016 -0.074704 0.007148 0.002783 -0.081592 0.099389 0.093256 0.038412 -0.041012 0.057159 0.015452 0.066179 -0.062138 -0.017812 0.069643 -0.068766 -0.073586 -0.021175 0.002246 0.030524 -0.031579 -0.091928 0.071618 -0.049371 0.081015 -0.087841 -0.029211 0.057372 0.052953 -0.057960 0.081078 0.013034 0.053943 -0.062104 -0.027491 -0.019162 0.034596 -0.055036 -0.046595 0.014788 -0.030465 0.092879 0.012609 0.094266 0.086413 0.079157 -0.035925 -0.058873 0.088971 0.023228 0.059968 -0.038376 -0.078130 -0.005333
Pesos Neuronio 17: -0.056843 -0.065351 0.025465 0.026468 0.086110 0.031716 0.071551 0.066738 -0.036639 0.067451 0.080391 -0.088084 -0.018641 0.009519 0.035169 -0.030740 0.028162 -0.098973 -0.071245 -0.087445 -0.037900 -0.075498 -0.060108 -0.041242 -0.084737 -0.015346 -0.032821 0.002848 -0.059575 -0.068170 -0.017819 -0.065273 -0.069832 -0.078859 0.082186 0.089719 -0.018276 0.022082 -0.035711 0.035964 0.055302 -0.041009 -0.037666 -0.084341 -0.068521 -0.007387 0.021745 0.075330 -0.082638 0.065327 0.085871 0.007631 -0.032492 -0.017120 -0.017949 0.012185 0.033778 0.032957 -0.023130 -0.063446
Pesos Neuronio 18: 0.006837 0.048692 0.026726 0.083925 0.030745 -0.056166 -0.081315 -0.016239 0.016315 0.063554 0.018344 -0.095776 0.023821 -0.082814 0.039140 -0.058086 -0.076704 -0.020873 0.037694 0.084723 0.092052 -0.086778 -0.087277 -0.050899 0.010647 -0.011140 0.047653 -0.086136 -0.041550 0.011893 0.000218 0.035954 0.079184 -0.002414 -0.029095 -0.081459 -0.080751 -0.067259 -0.096368 -0.050807 -0.011022 0.005069 0.019377 -0.012051 0.089472 -0.004480 0.048152 -0.090408 0.092565 -0.064950 0.091086 -0.043327 -0.081310 0.089133 -0.011724 -0.055402 0.098021 0.009400 -0.056966 0.013735
Pesos Neuronio 19: -0.037006 0.084649 0.075848 -0.079929 -0.024729 -0.028575 0.084209 0.022929 0.098593 0.037336 0.000305 0.013875 0.029616 -0.030179 0.008116 0.054707 -0.023743 -0.072639 0.050155 0.095296 0.079159 0.091643 -0.062052 0.089282 -0.027607 0.008475 -0.074300 0.011406 0.040175 -0.007053 -0.027913 -0.061513 -0.068556 0.003723 0.007048 0.001953 -0.051534 -0.016981 -0.070067 0.043324 0.018588 0.059981 0.053802 -0.050591 0.094025 -0.065619 0.042551 -0.077122 0.062209 0.019409 0.087730 0.087101 -0.009674 0.073973 0.050632 -0.083592 -0.053159 0.077253 -0.010544 0.070965
Pesos Neuronio 20: 0.051191 0.040012 0.005186 -0.096390 0.064563 -0.043130 0.016734 -0.006768 0.062594 0.079767 0.051944 0.028252 0.085269 0.024350 -0.090103 -0.004738 -0.051323 0.047039 -0.023808 -0.095373 0.094396 -0.045747 0.070027 -0.016481 -0.021525 0.060972 0.024908 -0.096296 -0.089641 0.093378 0.003049 -0.010102 -0.056810 0.041308 -0.005596 -0.039140 0.078315 0.099922 0.025940 0.045561 -0.056144 -0.045566 -0.008217 -0.002943 0.074980 -0.011542 -0.086251 -0.019987 0.050969 -0.037322 0.030007 -0.052501 0.039644 -0.029326 -0.084455 -0.032104 -0.063149 -0.038402 -0.080930 0.041469
Pesos Neuronio 21: 0.046887 -0.055324 -0.002718 0.087606 -0.065403 -0.048054 -0.018949 -0.012709 -0.089515 0.029579 -0.000008 0.040201 -0.005452 -0.062336 0.028942 0.016685 -0.037226 0.098754 0.088319 -0.001134 -0.090830 0.062573 0.088880 0.005219 -0.044351 0.091435 -0.073550 0.024834 -0.051542 -0.070441 -0.009055 -0.059768 -0.004677 -0.099133 0.034852 -0.082423 0.024151 0.010833 -0.029287 0.004165 -0.029626 -0.036785 -0.048512 0.007985 0.099196 -0.074730 -0.089557 0.026883 0.076123 -0.055925 -0.078939 -0.010629 0.078350 0.085998 0.005931 0.050418 0.023964 -0.020226 0.015231 -0.079674
Pesos Neuronio 22: 0.035938 0.050870 -0.059140 -0.037035 -0.049804 0.020131 -0.063901 0.047719 0.008140 -0.061556 0.084668 0.039499 0.092937 -0.048109 -0.056511 0.074731 0.016718 -0.060138 0.015742 -0.003046 0.031062 0.076797 0.042886 0.087362 -0.014454 0.077066 0.060106 0.040719 0.047374 0.021612 -0.008059 0.014447 -0.007550 -0.054777 -0.040991 0.004947 0.041011 0.016104 0.035192 0.017607 -0.057976 0.093998 -0.028183 -0.060621 -0.048299 0.018757 -0.007709 -0.025566 -0.092978 -0.047163 0.054756 -0.046425 0.099112 0.095938 0.076742 -0.054035 -0.093032 -0.036326 -0.091162 -0.090675
Pesos Neuronio 23: -0.038695 -0.016942 0.053377 0.013242 -0.008549 -0.074084 0.022225 -0.081562 -0.017970 -0.025575 0.069145 -0.090161 0.090448 0.010230 -0.096408 -0.016520 0.071658 0.038903 0.084376 0.054831 0.066657 0.079245 -0.087429 -0.098049 -0.068772 -0.004941 0.078550 -0.006802 0.023524 0.055164 0.062450 -0.075580 0.053218 -0.062213 -0.076176 -0.050242 0.066311 -0.033843 0.046861 -0.085817 0.057503 -0.012818 0.093803 -0.045927 0.098648 -0.053251 0.025087 -0.068712 0.055645 -0.041012 -0.043673 0.000254 0.079988 -0.054237 -0.039186 -0.088634 0.041541 -0.046131 -0.032728 0.021927
Pesos Neuronio 24: 0.049814 0.064295 -0.058341 0.024968 0.010176 0.045203 -0.067739 -0.067515 -0.046746 -0.065234 0.080813 0.025763 0.057771 0.006970 0.058529 -0.047541 0.072603 -0.096866 -0.007739 -0.015976 -0.030137 -0.024314 -0.079863 0.013159 0.058931 -0.030959 0.056777 0.065997 -0.036079 -0.071274 0.013247 0.042484 0.097216 0.074749 -0.026255 0.004210 0.071259 -0.046156 -0.041194 -0.020918 -0.067903 -0.048240 -0.044838 -0.048935 0.065628 -0.020342 -0.030263 -0.067148 -0.031156 -0.062883 -0.001618 -0.015074 0.045243 0.007030 -0.028690 0.050612 0.074127 -0.080315 -0.017656 0.025861
Pesos Neuronio 25: 0.041296 0.078018 0.070806 -0.003744 -0.092782 0.078313 0.047681 -0.098804 -0.053905 -0.081734 -0.050670 -0.042309 0.012336 0.090437 -0.044653 -0.077990 -0.052590 -0.078655 0.002509 -0.058876 -0.058441 0.092798 0.063207 -0.085478 0.029667 -0.083384 -0.099846 0.023510 -0.015870 -0.066747 0.044831 0.076502 0.035215 -0.012616 0.027213 0.087344 -0.009823 0.023433 -0.054363 0.036187 0.053470 0.009940 -0.026569 -0.017808 0.031334 0.066811 -0.083396 -0.028025 0.043057 -0.091574 -0.058418 -0.035441 0.084764 0.060216 -0.084360 0.008913 -0.066666 0.073959 0.053017 -0.051156
